['Step', 'FENEBond', 'AngleForce', 'RepulsiveSoftCore', 'TypetoType', 'IdealChromosome']
600500,56060.655,3169.400,948.689,-5218.063,-1318.501
601000,56112.093,3187.329,941.628,-5329.801,-1342.670
601500,56069.939,3162.579,917.331,-5227.657,-1318.311
602000,56152.325,3170.707,1022.970,-5324.344,-1323.590
602500,56173.484,3225.412,943.068,-5308.921,-1341.694
603000,56146.620,3243.195,902.066,-5250.792,-1339.979
603500,56140.260,3150.380,951.997,-5245.615,-1352.750
604000,56117.148,3147.501,873.364,-5199.023,-1344.893
604500,56108.992,3153.773,893.135,-5229.141,-1342.689
605000,56179.921,3239.430,925.091,-5273.284,-1366.531
605500,56088.430,3256.506,965.811,-5318.880,-1365.000
606000,56243.545,3199.050,945.085,-5244.123,-1324.210
606500,56213.474,3117.800,917.810,-5238.827,-1318.971
607000,56145.868,3149.477,936.515,-5255.822,-1301.402
607500,56123.934,3133.207,942.331,-5260.292,-1314.677
608000,56134.682,3145.512,864.121,-5197.252,-1322.609
608500,56159.958,3168.530,873.665,-5192.528,-1327.409
609000,56091.392,3183.569,872.718,-5194.566,-1323.961
609500,56114.894,3168.622,1022.405,-5309.568,-1342.955
610000,56141.473,3143.667,1071.680,-5396.568,-1332.897
610500,56158.504,3143.623,975.720,-5322.660,-1325.583
611000,56141.609,3157.528,872.732,-5238.933,-1355.393
611500,56141.145,3157.694,886.008,-5177.626,-1337.829
612000,56112.221,3157.861,929.810,-5213.809,-1323.904
612500,56115.234,3132.293,883.797,-5202.868,-1329.479
613000,56141.708,3161.238,804.532,-5203.293,-1344.153
613500,56120.572,3119.007,901.013,-5324.211,-1340.514
614000,56154.967,3163.964,935.974,-5287.328,-1370.409
614500,56174.897,3164.232,890.516,-5237.365,-1349.995
615000,56147.097,3143.476,978.265,-5232.050,-1309.202
615500,56137.398,3194.328,950.064,-5240.129,-1336.628
616000,56115.160,3180.914,954.181,-5245.413,-1349.268
616500,56095.404,3198.615,953.169,-5256.934,-1352.437
617000,56161.350,3177.299,968.888,-5292.362,-1357.880
617500,56067.970,3130.272,925.908,-5309.375,-1352.896
618000,56116.656,3132.604,937.996,-5320.092,-1352.635
618500,56146.702,3195.699,863.626,-5326.826,-1358.045
619000,56121.596,3154.873,957.127,-5360.140,-1367.150
619500,56121.702,3168.294,917.583,-5297.586,-1351.925
620000,56099.082,3229.090,791.449,-5274.735,-1370.060
620500,56185.992,3119.778,894.281,-5212.847,-1351.113
621000,56106.059,3192.498,873.284,-5190.549,-1336.920
621500,56086.459,3150.851,886.050,-5158.046,-1316.485
622000,56131.340,3167.314,891.508,-5209.074,-1325.574
622500,56155.100,3193.296,923.655,-5296.902,-1347.726
623000,56063.917,3127.560,856.500,-5226.304,-1316.313
623500,56137.103,3190.299,837.785,-5205.970,-1337.288
624000,56127.747,3155.663,935.720,-5284.171,-1346.341
624500,56151.659,3202.922,961.388,-5292.806,-1350.797
625000,56107.394,3112.156,1094.205,-5422.393,-1338.640
625500,56122.931,3149.047,1034.029,-5357.192,-1332.840
626000,56085.718,3185.696,1005.685,-5387.446,-1362.667
626500,56094.054,3157.827,1032.544,-5356.403,-1389.985
627000,56162.578,3204.708,944.655,-5362.797,-1389.462
627500,56144.672,3159.168,825.757,-5251.829,-1353.033
628000,56089.855,3168.226,928.716,-5208.808,-1332.860
628500,56097.843,3204.734,918.269,-5247.394,-1365.103
629000,56161.265,3241.016,1029.122,-5256.832,-1381.139
629500,56196.125,3213.453,942.520,-5276.505,-1378.230
630000,56151.624,3213.786,885.879,-5234.988,-1357.765
630500,56107.301,3290.519,1064.937,-5267.774,-1405.949
631000,56192.028,3207.894,940.745,-5261.857,-1409.338
631500,56094.035,3195.330,934.380,-5218.088,-1389.326
632000,56160.072,3182.598,1050.377,-5327.616,-1381.312
632500,56082.678,3238.575,1002.019,-5388.484,-1384.623
633000,56138.556,3275.550,1033.742,-5438.696,-1380.045
633500,56057.985,3233.971,981.869,-5357.369,-1382.648
634000,56119.277,3171.771,935.815,-5215.351,-1343.447
634500,56124.174,3119.560,875.655,-5282.268,-1348.274
635000,56166.669,3179.158,934.168,-5327.175,-1351.525
635500,56142.503,3145.113,980.559,-5272.167,-1320.672
636000,56029.246,3144.017,926.571,-5282.214,-1318.430
636500,56068.208,3168.253,909.660,-5252.858,-1349.538
637000,56152.610,3138.144,929.449,-5310.888,-1320.733
637500,56102.947,3163.053,927.178,-5305.354,-1337.947
638000,56104.145,3174.639,878.271,-5310.837,-1348.595
638500,56105.255,3115.476,848.735,-5257.906,-1325.302
639000,56099.037,3152.182,825.267,-5300.370,-1314.388
639500,56068.690,3177.643,859.595,-5335.417,-1333.911
640000,56092.528,3125.331,985.436,-5342.636,-1318.178
640500,56162.280,3155.017,843.126,-5234.218,-1305.203
641000,56126.492,3129.014,911.278,-5242.109,-1293.591
641500,56136.980,3150.990,894.021,-5291.744,-1305.620
642000,56148.060,3085.473,900.930,-5296.420,-1267.324
642500,56098.845,3145.008,851.115,-5183.018,-1296.931
643000,56125.217,3135.434,871.097,-5194.655,-1278.092
643500,56082.579,3109.632,861.408,-5224.886,-1275.024
644000,56147.202,3089.565,998.930,-5241.446,-1295.699
644500,56044.194,3187.074,893.384,-5243.150,-1310.972
645000,56182.077,3108.653,875.216,-5201.388,-1275.088
645500,56172.611,3130.107,930.547,-5246.197,-1293.647
646000,56148.830,3161.661,942.759,-5349.597,-1325.657
646500,56130.198,3113.390,976.847,-5341.735,-1331.366
647000,56073.245,3130.614,912.392,-5301.975,-1326.906
647500,56164.462,3207.715,934.736,-5269.827,-1342.470
648000,56163.112,3148.030,944.160,-5325.541,-1305.852
648500,56108.987,3134.293,886.835,-5187.679,-1287.461
649000,56263.708,3112.924,832.536,-5285.701,-1289.142
649500,56128.384,3153.191,938.319,-5311.934,-1313.450
650000,56191.300,3160.323,938.462,-5300.434,-1300.914
650500,56171.867,3168.208,827.996,-5194.415,-1313.373
651000,56141.949,3161.711,879.950,-5196.654,-1300.770
651500,56128.785,3230.129,944.071,-5290.345,-1333.375
652000,56081.508,3182.214,989.564,-5310.815,-1339.608
652500,56161.261,3191.299,943.851,-5277.187,-1340.560
653000,56160.021,3157.528,907.531,-5232.170,-1306.041
653500,56145.155,3150.905,977.809,-5333.493,-1320.499
654000,56146.059,3207.799,993.168,-5334.703,-1337.340
654500,56097.080,3203.026,879.203,-5270.581,-1342.475
655000,56159.522,3224.539,873.210,-5291.297,-1354.293
655500,56063.948,3244.438,952.470,-5286.057,-1341.785
656000,56126.565,3194.148,902.040,-5208.874,-1302.724
656500,56095.030,3142.609,900.820,-5191.784,-1310.223
657000,56105.730,3142.015,926.696,-5241.428,-1306.986
657500,56106.726,3149.747,967.754,-5306.553,-1317.016
658000,56168.365,3134.545,932.353,-5328.357,-1314.690
658500,56168.337,3122.225,910.117,-5229.635,-1327.726
659000,56151.612,3164.460,883.909,-5229.075,-1337.627
659500,56164.597,3158.521,845.693,-5226.419,-1311.380
660000,56125.978,3115.320,969.968,-5333.962,-1340.766
660500,56122.623,3178.435,994.560,-5302.184,-1358.073
661000,56143.914,3157.380,986.997,-5311.920,-1350.589
661500,56158.597,3132.639,998.166,-5368.759,-1348.267
662000,56145.747,3155.739,877.943,-5355.504,-1359.814
662500,56071.292,3128.771,929.878,-5303.066,-1329.027
663000,56134.554,3129.343,845.914,-5174.973,-1324.211
663500,56072.312,3144.431,883.921,-5200.975,-1327.645
664000,56112.881,3137.736,893.352,-5216.849,-1312.949
664500,56170.623,3099.556,961.446,-5293.497,-1331.897
665000,56148.813,3182.302,996.120,-5348.443,-1360.796
665500,56139.904,3173.272,912.067,-5285.519,-1311.241
666000,56188.689,3151.810,912.601,-5229.014,-1301.679
666500,56164.531,3186.593,958.468,-5295.633,-1321.962
667000,56182.598,3207.462,883.112,-5275.854,-1341.671
667500,56125.690,3179.147,831.364,-5228.175,-1324.368
668000,56114.353,3186.726,958.172,-5252.785,-1343.354
668500,56142.178,3229.288,892.682,-5292.353,-1339.808
669000,56125.574,3187.659,921.253,-5319.007,-1331.120
669500,56104.844,3206.178,934.554,-5308.480,-1337.752
670000,56116.012,3163.607,1013.102,-5333.714,-1346.350
670500,56098.778,3184.039,936.347,-5311.231,-1343.848
671000,56116.634,3172.022,922.451,-5287.871,-1341.886
671500,56141.456,3222.331,947.831,-5262.162,-1333.143
672000,56195.225,3206.362,966.633,-5224.934,-1318.356
672500,56107.186,3149.527,967.431,-5225.147,-1297.065
673000,56106.807,3102.388,946.678,-5221.801,-1274.175
673500,56145.618,3139.427,916.232,-5275.622,-1300.372
674000,56143.426,3160.605,935.638,-5273.600,-1301.002
674500,56138.846,3123.687,931.222,-5256.333,-1314.946
675000,56117.119,3173.125,954.888,-5319.006,-1341.210
675500,56166.422,3174.171,1037.385,-5316.921,-1335.524
676000,56182.384,3171.813,982.349,-5299.840,-1304.413
676500,56163.493,3125.559,883.472,-5230.506,-1293.416
677000,56190.289,3125.203,941.612,-5297.167,-1297.748
677500,56136.190,3145.536,1016.369,-5293.545,-1339.394
678000,56115.816,3178.677,905.240,-5311.289,-1334.684
678500,56108.767,3203.449,999.136,-5327.761,-1348.592
679000,56125.595,3215.600,946.315,-5356.249,-1353.064
679500,56157.436,3145.556,941.074,-5309.175,-1336.126
680000,56153.319,3129.390,885.923,-5279.523,-1332.484
680500,56179.931,3165.839,892.436,-5319.283,-1324.969
681000,56096.220,3146.749,947.402,-5261.942,-1294.354
681500,56096.169,3110.967,861.526,-5249.941,-1285.338
682000,56095.009,3179.409,907.794,-5218.526,-1285.762
682500,56073.121,3127.918,886.137,-5274.028,-1275.491
683000,56131.646,3116.851,914.121,-5236.866,-1284.299
683500,56127.741,3177.985,957.260,-5376.426,-1322.840
684000,56022.098,3222.022,972.481,-5319.446,-1330.011
684500,56185.277,3142.547,918.487,-5307.877,-1325.233
685000,56142.849,3109.796,949.252,-5284.863,-1304.913
685500,56182.864,3129.695,879.544,-5260.098,-1289.533
686000,56143.199,3139.059,848.463,-5290.336,-1301.571
686500,56114.210,3098.317,883.307,-5235.367,-1264.550
687000,56078.028,3157.233,862.246,-5221.689,-1267.222
687500,56124.219,3106.856,868.587,-5151.240,-1251.602
688000,56154.747,3075.440,777.476,-5151.860,-1244.600
688500,56143.076,3062.661,838.950,-5206.860,-1287.326
689000,56158.812,3118.452,870.639,-5206.087,-1295.538
689500,56117.003,3057.651,897.576,-5271.884,-1276.053
690000,56153.132,3118.925,820.504,-5279.413,-1308.836
690500,56142.991,3152.307,918.314,-5300.013,-1332.086
691000,56173.864,3144.669,879.904,-5250.243,-1299.931
691500,56139.549,3135.882,877.860,-5218.376,-1303.199
692000,56102.163,3167.966,851.914,-5253.943,-1310.296
692500,56164.069,3171.192,954.192,-5311.708,-1307.660
693000,56174.221,3147.120,961.642,-5356.121,-1294.091
693500,56126.178,3124.428,1016.547,-5326.315,-1286.304
694000,56129.044,3145.548,952.337,-5279.480,-1289.841
694500,56075.374,3102.115,951.143,-5239.761,-1297.073
695000,56095.580,3089.776,952.404,-5243.089,-1285.522
695500,56094.080,3140.664,927.782,-5241.640,-1296.288
696000,56121.392,3121.188,878.511,-5221.249,-1280.210
696500,56146.724,3147.555,925.421,-5274.176,-1310.504
697000,56088.731,3172.842,931.791,-5298.613,-1325.729
697500,56108.044,3154.460,923.075,-5245.474,-1302.011
698000,56107.101,3191.994,934.805,-5340.240,-1344.225
698500,56075.149,3215.061,923.396,-5321.079,-1316.744
699000,56059.867,3138.935,943.917,-5294.052,-1292.997
699500,56123.250,3181.954,923.548,-5257.103,-1320.188
700000,56117.223,3156.343,1038.183,-5340.752,-1316.578
700500,56090.133,3157.520,976.623,-5318.469,-1321.210
701000,56066.982,3147.734,931.589,-5261.211,-1298.543
701500,56132.640,3113.592,873.562,-5238.732,-1286.915
702000,56103.479,3121.753,795.374,-5239.983,-1277.011
702500,56137.379,3133.325,910.358,-5269.213,-1303.954
703000,56203.794,3111.485,1002.228,-5389.051,-1327.938
703500,56124.244,3128.128,973.513,-5328.193,-1309.634
704000,56111.345,3114.675,940.152,-5282.590,-1294.077
704500,56066.226,3123.419,850.411,-5298.088,-1279.775
705000,56155.179,3178.317,1042.586,-5361.685,-1308.687
705500,56116.658,3153.006,1024.627,-5358.145,-1306.172
706000,56175.784,3193.768,948.107,-5381.820,-1318.306
706500,56105.009,3204.440,1053.537,-5418.573,-1330.412
707000,56108.256,3187.434,956.034,-5333.295,-1291.909
707500,56151.810,3160.105,824.021,-5202.715,-1288.512
708000,56096.151,3174.245,872.146,-5160.712,-1294.383
708500,56073.989,3164.216,867.351,-5277.770,-1323.758
709000,56132.761,3140.495,975.994,-5300.234,-1318.539
709500,56159.660,3195.533,949.070,-5357.119,-1343.636
710000,56164.130,3161.290,1002.634,-5325.437,-1333.421
710500,56128.274,3109.917,976.208,-5329.073,-1318.049
711000,56154.613,3111.619,973.930,-5280.400,-1288.317
711500,56082.781,3138.008,924.122,-5271.768,-1299.316
712000,56141.369,3186.508,965.201,-5290.324,-1310.171
712500,56123.570,3147.770,905.147,-5260.521,-1309.806
713000,56143.995,3190.058,907.997,-5331.807,-1299.103
713500,56080.968,3116.655,897.584,-5345.736,-1290.837
714000,56092.758,3205.528,987.829,-5349.007,-1319.937
714500,56081.216,3129.080,877.050,-5324.793,-1298.428
715000,56068.917,3099.134,810.965,-5261.943,-1280.380
715500,56108.781,3152.178,992.956,-5306.560,-1334.789
716000,56110.993,3108.038,979.538,-5297.256,-1282.687
716500,56140.057,3154.897,982.976,-5345.558,-1282.499
717000,56162.042,3155.380,963.087,-5299.274,-1301.641
717500,56078.503,3113.815,870.137,-5251.362,-1283.641
718000,56093.797,3135.548,924.462,-5293.907,-1284.105
718500,56173.534,3156.423,939.683,-5298.138,-1293.626
719000,56105.632,3143.843,889.048,-5188.452,-1294.494
719500,56059.313,3092.849,882.949,-5193.216,-1296.176
720000,56134.125,3118.685,847.557,-5290.724,-1314.238
720500,56098.096,3136.698,954.264,-5275.054,-1291.143
721000,56125.331,3128.217,929.992,-5363.417,-1308.325
721500,56127.462,3184.261,1012.750,-5484.853,-1320.253
722000,56082.252,3130.331,937.618,-5425.812,-1285.679
722500,56105.453,3029.352,825.354,-5249.389,-1246.848
723000,56120.869,3095.674,916.988,-5370.997,-1275.892
723500,56208.311,3051.486,946.798,-5358.285,-1280.246
724000,56155.035,3069.279,1011.326,-5343.197,-1272.735
724500,56098.592,3037.637,905.492,-5243.469,-1253.221
725000,56146.677,3101.555,899.672,-5275.706,-1277.093
725500,56162.435,3093.213,883.134,-5285.605,-1292.634
726000,56155.170,3109.277,1010.031,-5323.923,-1276.476
726500,56106.700,3086.317,931.388,-5302.723,-1281.467
727000,56160.390,3107.751,954.648,-5254.444,-1286.101
727500,56196.299,3097.971,882.358,-5309.599,-1295.286
728000,56118.116,3139.090,999.586,-5339.520,-1283.990
728500,56171.668,3078.035,867.564,-5187.132,-1238.025
729000,56084.237,3125.152,857.943,-5128.735,-1244.327
729500,56136.441,3114.346,807.477,-5145.297,-1229.063
730000,56138.112,3108.732,897.544,-5271.425,-1267.596
730500,56159.764,3124.145,949.163,-5314.523,-1287.622
731000,56138.929,3148.149,1021.117,-5304.406,-1300.006
731500,56101.616,3223.551,969.930,-5362.477,-1323.501
732000,56166.257,3179.594,910.259,-5327.197,-1336.769
732500,56077.205,3199.560,916.077,-5284.284,-1308.479
733000,56138.704,3183.917,988.342,-5301.545,-1273.393
733500,56103.715,3129.730,919.513,-5205.123,-1262.727
734000,56121.662,3103.648,890.974,-5182.318,-1271.102
734500,56103.743,3141.709,977.578,-5209.838,-1291.986
735000,56114.343,3102.108,980.144,-5268.601,-1305.108
735500,56135.865,3123.686,952.744,-5319.605,-1306.000
736000,56165.659,3142.904,850.723,-5296.712,-1315.657
736500,56070.007,3157.612,902.471,-5377.941,-1350.321
737000,56148.777,3117.223,915.072,-5359.782,-1332.630
737500,56172.642,3161.585,929.804,-5399.634,-1338.341
738000,56157.826,3168.598,985.678,-5376.470,-1339.659
738500,56161.110,3167.978,917.245,-5360.383,-1344.977
739000,56083.816,3146.229,973.578,-5396.894,-1337.382
739500,56149.774,3166.464,956.799,-5399.876,-1351.640
740000,56130.356,3137.295,867.765,-5339.354,-1326.455
740500,56097.907,3165.640,937.640,-5352.317,-1338.841
741000,56134.684,3166.501,893.393,-5309.807,-1302.578
741500,56159.918,3139.406,932.765,-5286.546,-1307.223
742000,56162.424,3142.223,892.538,-5248.957,-1286.402
742500,56137.664,3119.490,911.089,-5204.851,-1286.953
743000,56121.852,3167.502,950.568,-5238.088,-1280.545
743500,56131.267,3166.460,877.480,-5211.554,-1305.115
744000,56202.436,3150.424,900.276,-5203.704,-1313.007
744500,56125.908,3145.980,914.431,-5250.632,-1310.608
745000,56108.423,3121.513,929.856,-5186.642,-1281.335
745500,56103.938,3204.650,927.116,-5206.845,-1296.471
746000,56120.921,3193.988,975.204,-5303.588,-1315.484
746500,56164.349,3143.445,898.612,-5309.376,-1289.432
747000,56189.373,3158.172,871.913,-5332.552,-1289.131
747500,56170.474,3119.375,940.344,-5273.893,-1284.598
748000,56198.981,3078.604,913.673,-5294.617,-1268.045
748500,56150.944,3079.707,883.319,-5238.673,-1257.611
749000,56148.677,3124.794,822.050,-5230.444,-1312.001
749500,56106.771,3038.025,819.445,-5187.712,-1259.117
750000,56098.409,3150.576,804.484,-5324.169,-1298.497
750500,56090.728,3144.555,911.174,-5337.267,-1323.168
751000,56135.630,3158.945,938.804,-5333.898,-1315.727
751500,56123.108,3105.720,910.717,-5274.923,-1304.655
752000,56035.755,3127.082,991.307,-5346.153,-1297.899
752500,56156.299,3161.085,1047.777,-5367.957,-1320.760
753000,56135.145,3126.133,935.384,-5244.879,-1296.786
753500,56120.583,3176.482,954.076,-5225.394,-1304.168
754000,56150.374,3115.891,900.267,-5187.407,-1297.433
754500,56098.377,3144.894,961.515,-5249.496,-1293.726
755000,56162.360,3156.302,968.451,-5315.186,-1302.120
755500,56166.772,3111.024,955.531,-5319.140,-1287.727
756000,56143.394,3149.662,894.351,-5314.111,-1300.937
756500,nan,3187.268,888.535,-5308.739,-1320.341
757000,nan,3160.249,868.077,-5270.346,-1300.878
757500,nan,3129.845,893.880,-5304.702,-1289.537
758000,nan,3153.082,910.179,-5292.893,-1323.679
758500,nan,3148.444,942.633,-5252.424,-1315.344
759000,nan,3168.740,876.583,-5263.227,-1315.717
759500,nan,3116.081,899.119,-5282.197,-1285.753
760000,nan,3222.520,948.674,-5418.008,-1342.781
760500,nan,3152.686,1057.047,-5416.011,-1311.931
761000,nan,3132.232,978.341,-5363.579,-1297.527
761500,nan,3148.099,844.745,-5303.023,-1287.418
762000,nan,3153.723,940.440,-5304.249,-1305.495
762500,nan,3189.057,900.838,-5339.393,-1312.502
763000,nan,3137.964,892.793,-5269.220,-1302.392
763500,nan,3139.557,946.430,-5267.198,-1292.250
764000,nan,3148.995,891.926,-5275.765,-1266.479
764500,nan,3192.202,875.344,-5272.390,-1288.318
765000,nan,3141.911,936.167,-5279.240,-1302.040
765500,nan,3160.280,1016.661,-5411.411,-1309.274
766000,nan,3166.502,1046.644,-5444.350,-1337.733
766500,nan,3153.947,1027.748,-5359.796,-1307.919
767000,nan,3126.843,962.100,-5318.255,-1282.798
767500,nan,3171.500,1043.069,-5385.228,-1304.566
768000,nan,3154.853,908.500,-5291.284,-1284.470
768500,nan,3075.832,882.632,-5277.726,-1256.071
769000,nan,3102.934,965.683,-5337.500,-1251.396
769500,nan,3144.930,1002.208,-5395.342,-1290.877
770000,nan,3093.415,913.584,-5344.457,-1282.623
770500,nan,3064.906,880.701,-5270.928,-1256.468
771000,nan,3078.190,921.522,-5344.199,-1273.909
771500,nan,3140.134,911.270,-5372.508,-1294.893
772000,nan,3130.265,1016.698,-5397.786,-1293.921
772500,nan,3121.560,895.930,-5260.090,-1284.860
773000,nan,3153.350,967.549,-5364.053,-1299.459
773500,nan,3171.822,1017.019,-5323.636,-1287.450
774000,nan,3183.919,970.986,-5328.085,-1309.913
774500,nan,3118.950,981.066,-5317.855,-1259.462
775000,nan,3103.368,900.028,-5225.856,-1229.624
775500,nan,3120.520,858.916,-5197.796,-1258.665
776000,nan,3097.235,913.559,-5249.980,-1262.361
776500,nan,3143.551,805.963,-5244.370,-1268.409
777000,nan,3101.793,812.586,-5147.344,-1247.458
777500,nan,3101.377,813.970,-5186.010,-1260.268
778000,nan,3139.594,847.076,-5302.249,-1273.974
778500,nan,3167.663,1083.085,-5419.245,-1291.540
779000,nan,3104.961,975.641,-5343.119,-1270.826
779500,nan,3107.635,968.785,-5317.355,-1273.281
780000,nan,3133.811,996.926,-5280.705,-1270.492
780500,nan,3145.147,902.826,-5262.823,-1271.116
781000,nan,3119.367,861.047,-5196.046,-1264.180
781500,nan,3134.383,882.208,-5159.411,-1270.947
782000,nan,3129.356,940.203,-5215.197,-1275.033
782500,nan,3113.887,898.139,-5271.426,-1276.031
783000,nan,3121.399,865.678,-5212.908,-1277.799
783500,nan,3084.491,890.863,-5251.674,-1274.200
784000,nan,3101.666,844.130,-5215.450,-1275.779
784500,nan,3120.581,928.704,-5248.014,-1287.838
785000,nan,3126.150,834.551,-5236.940,-1276.272
785500,nan,3109.854,789.972,-5171.322,-1276.439
786000,nan,3091.778,806.233,-5156.747,-1271.861
786500,nan,3155.469,826.557,-5153.143,-1282.193
787000,nan,3169.678,870.690,-5189.367,-1291.569
787500,nan,3144.640,907.630,-5300.723,-1299.580
788000,nan,3166.785,968.149,-5300.428,-1297.506
788500,nan,3163.146,943.196,-5242.621,-1311.605
789000,nan,3116.818,891.046,-5271.782,-1277.602
789500,nan,3149.566,922.229,-5271.121,-1287.082
790000,nan,3162.492,930.532,-5248.654,-1314.115
790500,nan,3153.190,836.691,-5209.577,-1298.339
791000,nan,3131.554,836.390,-5241.183,-1275.665
791500,nan,3143.023,833.919,-5171.946,-1256.168
792000,nan,3151.794,875.620,-5169.283,-1271.846
792500,nan,3160.701,916.720,-5160.426,-1278.317
793000,nan,3154.172,856.881,-5133.053,-1258.960
793500,nan,3058.460,923.974,-5127.981,-1244.108
794000,nan,3095.966,902.689,-5082.911,-1235.687
794500,nan,3145.430,867.242,-5231.089,-1282.397
795000,nan,3123.235,926.929,-5237.985,-1270.022
795500,nan,3119.455,908.623,-5248.422,-1287.367
796000,nan,3152.732,953.134,-5346.056,-1316.667
796500,nan,3172.178,918.047,-5334.471,-1323.773
797000,nan,3182.030,1050.768,-5328.055,-1327.657
797500,nan,3221.957,911.022,-5282.767,-1355.206
798000,nan,3177.789,925.516,-5263.431,-1359.261
798500,nan,3163.775,910.649,-5233.263,-1332.904
799000,nan,3155.062,930.776,-5213.672,-1284.999
799500,nan,3130.374,864.120,-5179.210,-1258.259
800000,nan,3139.050,840.310,-5122.272,-1264.904
800500,nan,3123.173,891.739,-5121.313,-1304.425
801000,nan,3172.901,859.161,-5181.605,-1296.537
801500,nan,3189.029,936.122,-5276.317,-1314.970
802000,nan,3221.481,972.211,-5314.246,-1332.127
802500,nan,3245.944,904.650,-5309.945,-1358.866
803000,nan,3178.963,908.662,-5242.972,-1312.440
803500,nan,3210.726,895.723,-5228.531,-1313.591
804000,nan,3181.889,967.598,-5272.247,-1335.530
804500,nan,3188.988,950.029,-5181.152,-1331.168
805000,nan,3112.031,938.123,-5204.219,-1314.774
805500,nan,3168.756,814.537,-5165.584,-1302.938
806000,nan,3168.809,940.335,-5245.327,-1317.759
806500,nan,3199.881,949.662,-5362.838,-1321.289
807000,nan,3173.542,1006.557,-5376.885,-1354.704
807500,nan,3127.113,923.974,-5192.233,-1290.624
808000,nan,3097.313,852.434,-5102.946,-1269.214
808500,nan,3125.944,844.193,-5045.342,-1286.416
809000,nan,3145.421,949.014,-5181.243,-1310.959
809500,nan,3162.212,1033.734,-5345.948,-1345.958
810000,nan,3158.485,1016.689,-5343.709,-1341.860
810500,nan,3139.107,895.726,-5196.153,-1310.805
811000,nan,3107.317,764.905,-5130.279,-1280.543
811500,nan,3171.376,792.339,-5189.705,-1291.493
812000,nan,3095.715,870.961,-5193.154,-1278.725
812500,nan,3143.426,883.349,-5180.593,-1283.066
813000,nan,3158.442,872.496,-5195.815,-1287.888
813500,nan,3146.719,911.894,-5233.627,-1300.160
814000,nan,3114.365,937.908,-5234.017,-1268.336
814500,nan,3112.406,940.370,-5226.904,-1291.603
815000,nan,3100.136,848.166,-5214.013,-1287.021
815500,nan,3145.630,876.916,-5216.929,-1286.695
816000,nan,3191.468,920.025,-5194.890,-1290.036
816500,nan,3154.679,940.665,-5234.630,-1313.371
817000,nan,3157.323,907.479,-5244.364,-1299.982
817500,nan,3112.400,846.863,-5139.763,-1287.804
818000,nan,3182.026,911.192,-5256.575,-1352.383
818500,nan,3185.925,898.633,-5273.698,-1336.550
819000,nan,3206.714,949.670,-5293.484,-1330.667
819500,nan,3161.312,926.406,-5244.658,-1321.995
820000,nan,3106.662,895.228,-5253.505,-1290.730
820500,nan,3199.655,969.151,-5346.878,-1322.059
821000,nan,3180.994,1015.198,-5358.560,-1330.086
821500,nan,3177.266,948.675,-5322.441,-1311.005
822000,nan,3128.583,846.977,-5253.965,-1304.230
822500,nan,3180.664,949.221,-5262.324,-1325.135
823000,nan,3161.691,937.219,-5211.205,-1303.230
823500,nan,3178.667,955.794,-5282.698,-1320.314
824000,nan,3183.685,1018.450,-5298.048,-1310.231
824500,nan,3235.171,960.464,-5288.089,-1307.312
825000,nan,3163.339,895.642,-5225.268,-1298.615
825500,nan,3183.626,836.220,-5115.361,-1294.271
826000,nan,3122.450,885.687,-5124.939,-1263.345
826500,nan,3149.236,822.344,-5137.598,-1277.441
827000,nan,3074.771,821.077,-5092.519,-1281.248
827500,nan,3118.263,893.213,-5134.991,-1275.115
828000,nan,3159.566,981.407,-5275.524,-1297.058
828500,nan,3163.499,1007.817,-5216.525,-1279.630
829000,nan,3134.525,891.309,-5195.039,-1290.370
829500,nan,3124.521,855.362,-5162.317,-1301.557
830000,nan,3150.813,845.831,-5176.732,-1291.866
830500,nan,3150.408,998.364,-5304.012,-1317.953
831000,nan,3169.627,908.559,-5281.723,-1308.016
831500,nan,3202.184,933.354,-5234.806,-1289.739
832000,nan,3216.665,953.454,-5277.774,-1325.736
832500,nan,3132.299,885.686,-5253.219,-1282.802
833000,nan,3115.762,924.943,-5284.881,-1284.400
833500,nan,3086.393,953.189,-5227.083,-1269.913
834000,nan,3150.532,837.925,-5178.391,-1272.311
834500,nan,3184.887,911.677,-5227.799,-1305.448
835000,nan,3170.463,973.051,-5245.723,-1327.673
835500,nan,3161.149,959.328,-5262.222,-1321.818
836000,nan,3158.013,970.717,-5284.148,-1344.030
836500,nan,3174.567,982.174,-5287.923,-1332.299
837000,nan,3151.270,949.655,-5233.421,-1309.684
837500,nan,3105.082,990.884,-5213.358,-1282.492
838000,nan,3145.893,961.222,-5273.694,-1286.001
838500,nan,3149.447,944.731,-5212.792,-1258.738
839000,nan,3110.070,863.625,-5175.881,-1273.899
839500,nan,3036.782,785.143,-5125.263,-1241.542
840000,nan,3129.138,851.549,-5230.779,-1287.043
840500,nan,3162.599,973.691,-5310.009,-1310.159
841000,nan,3106.665,840.494,-5193.032,-1265.554
841500,nan,3114.440,907.317,-5217.768,-1274.387
842000,nan,3156.892,943.911,-5311.245,-1282.176
842500,nan,3154.612,1055.016,-5389.255,-1309.779
843000,nan,3200.621,991.029,-5377.906,-1330.287
843500,nan,3156.683,862.152,-5279.055,-1299.244
844000,nan,3102.418,849.278,-5237.432,-1303.712
844500,nan,3190.081,860.730,-5217.374,-1312.268
845000,nan,3180.052,878.895,-5257.972,-1340.373
845500,nan,3090.774,924.240,-5273.418,-1312.257
846000,nan,3179.887,1004.033,-5388.131,-1342.525
846500,nan,3217.837,936.875,-5365.737,-1366.009
847000,nan,3188.314,861.660,-5312.698,-1330.980
847500,nan,3154.332,775.718,-5246.338,-1300.515
848000,nan,3101.726,812.804,-5225.976,-1283.988
848500,nan,3100.252,867.642,-5196.975,-1291.998
849000,nan,3119.156,876.263,-5199.551,-1296.703
849500,nan,3177.186,905.397,-5290.038,-1331.431
850000,nan,3163.273,926.753,-5252.268,-1349.351
850500,nan,3191.773,809.793,-5124.015,-1333.682
851000,nan,3158.020,845.472,-5156.125,-1324.340
851500,nan,3132.065,884.150,-5177.677,-1300.092
852000,nan,3191.608,759.093,-5151.079,-1306.358
852500,nan,3158.796,893.781,-5200.904,-1311.952
853000,nan,3156.931,873.261,-5275.493,-1341.844
853500,nan,3213.879,872.486,-5273.237,-1362.414
854000,nan,3245.746,837.068,-5205.293,-1367.595
854500,nan,3182.937,915.556,-5233.492,-1351.319
855000,nan,3212.770,966.992,-5289.487,-1372.421
855500,nan,3184.578,1018.546,-5312.738,-1354.771
856000,nan,3187.133,1058.695,-5368.507,-1335.468
856500,nan,3115.665,996.704,-5251.611,-1309.804
857000,nan,3188.465,929.489,-5173.801,-1316.396
857500,nan,3184.003,1033.014,-5219.655,-1337.081
858000,nan,3198.470,918.515,-5267.783,-1317.771
858500,nan,3122.044,927.842,-5229.018,-1312.308
859000,nan,3210.581,978.188,-5254.746,-1332.721
859500,nan,3205.518,936.390,-5269.036,-1343.431
860000,nan,3178.000,880.625,-5258.844,-1327.030
860500,nan,3171.364,919.743,-5256.478,-1325.693
861000,nan,3154.524,838.709,-5148.360,-1292.954
861500,nan,3175.580,944.230,-5215.000,-1314.074
862000,nan,3182.823,978.464,-5293.528,-1327.772
862500,nan,3213.514,921.658,-5320.863,-1322.607
863000,nan,3165.712,917.463,-5331.369,-1323.832
863500,nan,3164.557,901.932,-5240.686,-1339.215
864000,nan,3125.971,853.872,-5192.214,-1318.423
864500,nan,3182.131,848.946,-5286.461,-1314.425
865000,nan,3173.792,964.064,-5317.617,-1324.540
865500,nan,3099.199,941.176,-5255.342,-1279.006
866000,nan,3176.078,945.456,-5287.176,-1299.619
866500,nan,3108.405,939.086,-5252.086,-1301.704
867000,nan,3134.908,881.009,-5189.924,-1298.619
867500,nan,3187.413,953.486,-5235.459,-1317.296
868000,nan,3194.509,979.260,-5223.694,-1320.318
868500,nan,3194.989,868.425,-5173.557,-1337.259
869000,nan,3166.347,812.941,-5109.129,-1294.678
869500,nan,3126.957,854.328,-5129.883,-1292.310
870000,nan,3121.034,908.880,-5225.522,-1312.576
870500,nan,3169.848,948.043,-5330.122,-1333.930
871000,nan,3118.977,961.099,-5341.052,-1320.732
871500,nan,3121.753,876.908,-5244.871,-1296.032
872000,nan,3145.202,842.659,-5190.704,-1297.002
872500,nan,3125.084,922.257,-5236.007,-1306.035
873000,nan,3164.302,932.778,-5283.734,-1325.652
873500,nan,3136.657,907.471,-5213.816,-1316.552
874000,nan,3177.113,903.651,-5167.232,-1299.579
874500,nan,3191.852,900.906,-5188.567,-1321.323
875000,nan,3165.661,952.830,-5179.555,-1314.499
875500,nan,3173.311,878.200,-5164.684,-1312.026
876000,nan,3188.336,912.391,-5147.215,-1323.195
876500,nan,3123.423,909.533,-5149.649,-1295.977
877000,nan,3165.439,922.751,-5137.231,-1286.956
877500,nan,3182.271,996.934,-5235.743,-1336.497
878000,nan,3153.528,910.394,-5162.791,-1295.128
878500,nan,3150.346,915.606,-5201.149,-1313.196
879000,nan,3124.441,854.211,-5180.064,-1263.124
879500,nan,3124.511,887.760,-5237.197,-1251.683
880000,nan,3124.822,924.290,-5264.439,-1270.204
880500,nan,3080.897,895.257,-5244.902,-1263.424
881000,nan,3169.515,933.085,-5269.558,-1282.461
881500,nan,3157.682,944.880,-5211.504,-1268.119
882000,nan,3148.237,921.343,-5239.417,-1273.869
882500,nan,3166.546,934.065,-5212.951,-1286.420
883000,nan,3122.761,950.543,-5312.041,-1281.485
883500,nan,3145.862,1000.380,-5320.053,-1315.000
884000,nan,3135.666,970.774,-5264.335,-1291.892
884500,nan,3177.781,902.168,-5283.518,-1307.736
885000,nan,3160.372,978.570,-5256.927,-1325.788
885500,nan,3157.167,907.003,-5230.130,-1317.729
886000,nan,3103.088,850.985,-5249.350,-1302.705
886500,nan,3132.898,828.116,-5215.345,-1311.042
887000,nan,3098.743,914.713,-5294.068,-1296.744
887500,nan,3154.570,993.276,-5314.667,-1296.645
888000,nan,3117.778,996.177,-5311.973,-1323.023
888500,nan,3161.754,994.815,-5390.853,-1337.864
889000,nan,3171.384,1042.836,-5366.244,-1342.183
889500,nan,3160.263,962.866,-5379.895,-1327.607
890000,nan,3170.418,863.775,-5264.173,-1315.933
890500,nan,3145.007,878.479,-5321.515,-1313.899
891000,nan,3207.612,925.172,-5366.690,-1353.711
891500,nan,3192.924,969.421,-5351.460,-1328.269
892000,nan,3144.087,928.234,-5311.970,-1320.456
892500,nan,3159.161,858.640,-5217.218,-1319.346
893000,nan,3203.473,883.181,-5182.882,-1307.067
893500,nan,3192.941,930.275,-5240.436,-1318.488
894000,nan,3182.782,847.055,-5282.588,-1305.598
894500,nan,3160.379,969.333,-5242.722,-1297.763
895000,nan,3173.440,847.854,-5194.093,-1293.444
895500,nan,3186.775,976.521,-5198.680,-1329.012
896000,nan,3214.163,965.374,-5248.062,-1337.133
896500,nan,3179.281,853.936,-5195.261,-1305.964
897000,nan,3230.950,859.712,-5203.763,-1305.656
897500,nan,3205.531,907.130,-5195.628,-1303.797
898000,nan,3181.822,871.449,-5159.759,-1298.518
898500,nan,3165.738,793.003,-5210.944,-1305.416
899000,nan,3142.345,888.739,-5228.545,-1305.787
899500,nan,3117.226,795.050,-5183.539,-1280.933
900000,nan,3113.241,811.298,-5157.298,-1265.782
900500,nan,3149.518,846.048,-5231.641,-1301.158
901000,nan,3152.410,824.470,-5263.683,-1297.635
901500,nan,3112.709,777.584,-5198.570,-1287.633
902000,nan,3146.738,851.147,-5295.016,-1282.673
902500,nan,3118.115,934.038,-5237.505,-1314.266
903000,nan,3140.300,872.904,-5214.101,-1287.026
903500,nan,3081.095,806.796,-5141.469,-1255.589
904000,nan,3112.070,879.060,-5146.795,-1261.989
904500,nan,3166.522,945.784,-5274.107,-1274.084
905000,nan,3185.340,989.504,-5274.688,-1281.997
905500,nan,3170.730,881.154,-5278.847,-1308.288
906000,nan,3109.314,823.252,-5176.146,-1267.101
906500,nan,3182.023,886.000,-5181.645,-1278.795
907000,nan,3205.730,902.683,-5116.236,-1273.781
907500,nan,3160.264,863.175,-5175.778,-1290.062
908000,nan,3117.520,841.475,-5175.046,-1269.552
908500,nan,3119.736,852.896,-5174.974,-1276.604
909000,nan,3153.016,980.009,-5334.940,-1284.227
909500,nan,3170.350,949.714,-5346.657,-1320.725
910000,nan,3129.784,850.270,-5243.263,-1303.844
910500,nan,3151.497,905.976,-5229.668,-1308.485
911000,nan,3144.041,836.132,-5176.395,-1305.508
911500,nan,3151.404,902.674,-5170.545,-1300.974
912000,nan,3172.954,867.929,-5199.051,-1305.485
912500,nan,3129.971,967.175,-5205.713,-1309.030
913000,nan,3178.451,883.529,-5271.008,-1320.984
913500,nan,3181.744,837.948,-5188.503,-1291.805
914000,nan,3121.754,899.613,-5173.578,-1297.274
914500,nan,3127.244,897.782,-5233.821,-1296.218
915000,nan,3174.838,949.361,-5208.388,-1313.858
915500,nan,3152.878,891.346,-5231.330,-1281.139
916000,nan,3157.337,932.955,-5190.602,-1302.228
916500,nan,3238.616,983.204,-5258.892,-1340.990
917000,nan,3189.069,969.406,-5295.262,-1319.006
917500,nan,3197.222,957.871,-5236.134,-1328.746
918000,nan,3180.066,893.090,-5185.882,-1322.989
918500,nan,3139.703,890.087,-5323.141,-1307.165
919000,nan,3223.121,902.606,-5314.859,-1327.031
919500,nan,3188.832,961.487,-5286.944,-1334.983
920000,nan,3154.844,935.440,-5325.569,-1334.223
920500,nan,3222.234,945.158,-5318.499,-1338.459
921000,nan,3172.584,981.089,-5331.096,-1342.799
921500,nan,3165.800,897.356,-5275.229,-1304.863
922000,nan,3184.487,979.462,-5249.564,-1347.460
922500,nan,3170.377,1015.691,-5243.660,-1333.369
923000,nan,3213.953,987.299,-5324.262,-1346.594
923500,nan,3230.764,969.753,-5273.654,-1340.697
924000,nan,3160.890,925.107,-5280.843,-1320.809
924500,nan,3153.518,947.857,-5320.649,-1315.069
925000,nan,3159.048,1079.064,-5376.669,-1332.114
925500,nan,3160.139,1046.022,-5352.282,-1315.778
926000,nan,3202.472,905.265,-5278.331,-1286.963
926500,nan,3177.728,961.834,-5271.398,-1309.490
927000,nan,3208.099,971.837,-5304.453,-1338.526
927500,nan,3226.919,906.710,-5275.566,-1348.949
928000,nan,3138.233,880.515,-5275.078,-1315.642
928500,nan,3163.012,913.830,-5233.785,-1289.108
929000,nan,3141.017,921.715,-5200.714,-1312.504
929500,nan,3167.785,969.390,-5299.392,-1311.279
930000,nan,3180.357,1062.999,-5308.041,-1350.600
930500,nan,3210.082,1074.634,-5374.438,-1353.662
931000,nan,3164.265,1012.073,-5334.098,-1352.811
931500,nan,3183.761,860.358,-5236.621,-1326.978
932000,nan,3162.134,850.768,-5211.532,-1330.270
932500,nan,3175.839,827.241,-5254.492,-1325.219
933000,nan,3192.553,934.050,-5279.241,-1353.043
933500,nan,3152.949,850.130,-5197.125,-1314.718
934000,nan,3143.161,932.284,-5222.893,-1323.257
934500,nan,3146.521,952.140,-5272.425,-1339.827
935000,nan,3147.835,919.864,-5252.874,-1327.034
935500,nan,3151.446,842.076,-5200.247,-1321.070
936000,nan,3175.738,894.993,-5228.661,-1333.605
936500,nan,3215.423,876.891,-5213.457,-1350.051
937000,nan,3139.510,839.825,-5159.580,-1323.897
937500,nan,3116.969,907.882,-5174.183,-1290.169
938000,nan,3170.341,910.382,-5209.643,-1310.730
938500,nan,3197.395,919.195,-5185.193,-1323.495
939000,nan,3209.014,861.906,-5216.393,-1308.132
939500,nan,3157.930,845.385,-5147.989,-1296.388
940000,nan,3177.074,864.070,-5186.147,-1305.243
940500,nan,3167.476,913.901,-5167.774,-1310.213
941000,nan,3182.470,830.419,-5132.252,-1289.903
941500,nan,3187.314,819.550,-5162.142,-1296.617
942000,nan,3221.748,973.924,-5244.865,-1317.036
942500,nan,3146.617,936.180,-5268.223,-1311.346
943000,nan,3172.245,891.772,-5236.344,-1327.435
943500,nan,3177.906,910.859,-5254.879,-1323.154
944000,nan,3202.187,893.768,-5203.383,-1310.256
944500,nan,3155.234,877.716,-5140.693,-1336.023
945000,nan,3182.194,870.635,-5126.508,-1297.222
945500,nan,3243.816,849.137,-5195.185,-1338.841
946000,nan,3231.263,851.265,-5195.284,-1332.039
946500,nan,3186.044,904.431,-5275.718,-1319.594
947000,nan,3228.362,942.696,-5344.731,-1332.969
947500,nan,3189.380,943.094,-5258.695,-1336.086
948000,nan,3184.370,934.557,-5330.512,-1351.316
948500,nan,3114.493,896.848,-5238.892,-1296.489
949000,nan,3192.956,922.323,-5205.711,-1305.025
949500,nan,3138.456,823.255,-5132.584,-1281.978
950000,nan,3184.801,917.655,-5192.628,-1278.429
950500,nan,3127.503,859.466,-5140.451,-1261.214
951000,nan,3147.237,844.668,-5245.212,-1262.607
951500,nan,3145.086,850.261,-5295.744,-1277.095
952000,nan,3169.173,974.748,-5350.555,-1299.423
952500,nan,3142.417,910.009,-5335.250,-1305.702
953000,nan,3180.495,884.946,-5286.571,-1291.080
953500,nan,3174.151,856.316,-5235.662,-1280.290
954000,nan,3190.123,941.188,-5203.879,-1285.382
954500,nan,3159.304,933.427,-5203.191,-1288.564
955000,nan,3133.374,887.085,-5236.032,-1284.338
955500,nan,3163.760,1022.640,-5296.969,-1317.642
956000,nan,3182.093,1024.287,-5300.662,-1332.024
956500,nan,3048.254,815.130,-5120.839,-1238.530
957000,nan,3066.162,858.305,-5165.298,-1250.125
957500,nan,3204.753,836.085,-5243.504,-1299.990
958000,nan,3113.125,866.639,-5232.041,-1273.101
958500,nan,3100.093,879.706,-5294.174,-1281.304
959000,nan,3136.475,796.217,-5227.930,-1265.168
959500,nan,3138.061,927.027,-5242.223,-1291.708
960000,nan,3151.420,921.100,-5288.927,-1301.110
960500,nan,3184.012,988.869,-5352.034,-1326.677
961000,nan,3143.062,960.493,-5268.074,-1312.289
961500,nan,3171.226,905.272,-5283.989,-1322.284
962000,nan,3157.972,931.226,-5263.746,-1308.474
962500,nan,3079.825,913.112,-5238.889,-1254.970
963000,nan,3144.296,897.023,-5210.785,-1281.655
963500,nan,3090.129,902.134,-5183.286,-1267.682
964000,nan,3174.416,885.609,-5166.794,-1289.789
964500,nan,3132.362,942.193,-5197.424,-1290.236
965000,nan,3142.543,816.468,-5249.549,-1293.241
965500,nan,3153.512,921.604,-5241.473,-1288.927
966000,nan,3188.937,955.003,-5216.045,-1311.501
966500,nan,3185.224,890.131,-5164.334,-1295.184
967000,nan,3154.958,938.078,-5137.776,-1293.422
967500,nan,3156.853,865.784,-5207.232,-1279.644
968000,nan,3153.417,951.972,-5250.993,-1285.107
968500,nan,3146.727,897.717,-5335.159,-1327.618
969000,nan,3147.941,995.361,-5368.550,-1303.794
969500,nan,3092.652,937.623,-5308.419,-1274.365
970000,nan,3134.342,870.212,-5258.168,-1269.792
970500,nan,3114.773,895.548,-5302.698,-1269.635
971000,nan,3184.725,896.431,-5324.444,-1305.355
971500,nan,3120.601,934.384,-5283.112,-1303.417
972000,nan,3156.950,891.647,-5298.767,-1297.492
972500,nan,3141.928,951.031,-5271.641,-1300.329
973000,nan,3178.200,914.478,-5263.944,-1314.009
973500,nan,3122.482,902.941,-5302.368,-1291.067
974000,nan,3168.788,927.143,-5269.843,-1290.131
974500,nan,3166.629,924.836,-5322.659,-1303.673
975000,nan,3141.219,851.710,-5286.090,-1303.177
975500,nan,3130.561,881.156,-5211.915,-1291.370
976000,nan,3088.523,905.683,-5258.333,-1263.075
976500,nan,3128.664,898.142,-5252.758,-1291.084
977000,nan,3169.178,865.771,-5120.240,-1294.572
977500,nan,3136.219,887.921,-5124.509,-1282.735
978000,nan,3206.033,848.081,-5148.512,-1274.311
978500,nan,3158.013,890.257,-5166.064,-1261.444
979000,nan,3204.629,918.845,-5155.077,-1302.645
979500,nan,3133.409,827.155,-5176.634,-1285.117
980000,nan,3131.968,937.228,-5177.752,-1298.797
980500,nan,3158.964,863.046,-5214.676,-1317.282
981000,nan,3185.944,933.177,-5294.978,-1349.426
981500,nan,3133.103,902.963,-5248.701,-1326.786
982000,nan,3144.439,974.292,-5257.909,-1321.729
982500,nan,3195.916,863.200,-5189.014,-1311.724
983000,nan,3200.276,902.679,-5218.444,-1312.577
983500,nan,3121.216,953.549,-5229.872,-1287.571
984000,nan,3176.612,963.314,-5303.494,-1327.493
984500,nan,3203.796,961.800,-5227.697,-1322.453
985000,nan,3122.221,947.074,-5217.644,-1289.492
985500,nan,3106.881,891.921,-5200.352,-1288.010
986000,nan,3133.033,957.059,-5294.720,-1326.485
986500,nan,3161.383,868.750,-5235.835,-1296.524
987000,nan,3114.011,840.964,-5261.683,-1300.860
987500,nan,3164.508,887.589,-5231.845,-1288.089
988000,nan,3094.657,809.578,-5100.578,-1250.897
988500,nan,3086.830,746.365,-5108.968,-1247.066
989000,nan,3165.062,907.888,-5247.694,-1297.677
989500,nan,3119.247,1010.215,-5294.917,-1285.268
990000,nan,3176.906,958.390,-5265.503,-1293.468
990500,nan,3117.409,913.850,-5183.817,-1279.320
991000,nan,3118.867,956.767,-5183.432,-1247.359
991500,nan,3072.281,918.666,-5253.562,-1238.541
992000,nan,3145.551,989.331,-5267.156,-1262.327
992500,nan,3153.952,909.878,-5275.654,-1298.765
993000,nan,3149.878,897.650,-5233.374,-1276.066
993500,nan,3120.294,954.795,-5284.648,-1272.750
994000,nan,3192.578,1063.043,-5328.424,-1305.013
994500,nan,3088.696,978.750,-5273.586,-1253.351
995000,nan,3142.467,959.665,-5248.732,-1272.162
995500,nan,3086.720,840.660,-5209.318,-1248.051
996000,nan,3123.431,912.698,-5217.546,-1246.374
996500,nan,3072.315,905.586,-5261.023,-1252.499
997000,nan,3177.034,934.642,-5263.169,-1293.175
997500,nan,3187.783,976.552,-5303.413,-1316.056
998000,nan,3227.805,956.602,-5257.823,-1285.200
998500,nan,3179.688,878.236,-5157.665,-1263.318
999000,nan,3172.729,880.974,-5276.541,-1280.956
999500,nan,3190.378,983.086,-5336.132,-1309.716
1000000,nan,3178.481,903.278,-5251.168,-1274.904
1000500,nan,3117.792,841.782,-5152.337,-1264.819
1001000,nan,3103.047,848.443,-5144.840,-1239.080
1001500,nan,3110.547,832.931,-5196.558,-1243.586
1002000,nan,3127.440,982.333,-5269.979,-1257.385
1002500,nan,3206.186,938.590,-5293.100,-1266.948
1003000,nan,3110.874,929.615,-5311.748,-1273.726
1003500,nan,3193.428,925.408,-5315.667,-1303.716
1004000,nan,3161.601,903.730,-5288.285,-1288.921
1004500,nan,3152.519,848.824,-5187.338,-1298.672
1005000,nan,3170.207,886.604,-5260.182,-1315.452
1005500,nan,3161.289,990.324,-5332.646,-1281.746
1006000,nan,3190.821,1014.910,-5378.550,-1297.067
1006500,nan,3165.056,995.404,-5334.936,-1298.879
1007000,nan,3168.177,871.981,-5247.848,-1296.261
1007500,nan,3098.465,918.382,-5219.563,-1260.219
1008000,nan,3153.893,885.017,-5274.657,-1261.959
1008500,nan,3166.300,864.005,-5246.092,-1262.021
1009000,nan,3184.215,918.575,-5195.428,-1278.460
1009500,nan,3181.106,912.321,-5183.359,-1276.491
1010000,nan,3128.695,893.934,-5189.550,-1291.362
1010500,nan,3196.153,886.719,-5211.071,-1292.920
1011000,nan,3124.281,858.126,-5227.814,-1263.773
1011500,nan,3131.342,893.720,-5267.225,-1277.025
1012000,nan,3105.711,824.793,-5199.477,-1249.035
1012500,nan,3117.508,893.058,-5225.172,-1279.483
1013000,nan,3144.352,886.750,-5263.593,-1296.331
1013500,nan,3175.074,958.185,-5425.238,-1329.113
1014000,nan,3144.595,956.093,-5346.187,-1316.207
1014500,nan,3141.600,955.788,-5318.339,-1283.299
1015000,nan,3161.394,854.005,-5249.475,-1307.253
1015500,nan,3137.833,902.531,-5192.699,-1280.699
1016000,nan,3130.726,767.333,-5134.901,-1247.535
1016500,nan,3151.967,913.622,-5251.940,-1293.789
1017000,nan,3168.118,910.844,-5213.585,-1282.549
1017500,nan,3211.226,898.413,-5188.880,-1313.640
1018000,nan,3152.287,851.312,-5193.099,-1281.880
1018500,nan,3096.670,818.217,-5169.383,-1279.268
1019000,nan,3198.895,943.198,-5298.244,-1300.897
1019500,nan,3179.824,948.456,-5294.849,-1291.724
1020000,nan,3112.063,884.119,-5229.334,-1297.856
1020500,nan,3125.101,884.610,-5186.872,-1275.711
1021000,nan,3143.270,905.935,-5253.273,-1260.262
1021500,nan,3117.270,976.418,-5322.981,-1275.587
1022000,nan,3138.190,918.094,-5232.276,-1285.227
1022500,nan,3106.797,875.869,-5179.796,-1266.802
1023000,nan,3172.981,869.974,-5240.995,-1278.559
1023500,nan,3181.838,1002.407,-5263.923,-1281.120
1024000,nan,3092.454,893.528,-5245.203,-1261.382
1024500,nan,3076.534,862.299,-5131.682,-1250.383
1025000,nan,3210.563,939.671,-5251.740,-1336.417
1025500,nan,3181.570,958.711,-5319.252,-1315.944
1026000,nan,3190.172,904.698,-5323.081,-1312.433
1026500,nan,3255.847,980.128,-5356.118,-1338.646
1027000,nan,3134.490,1061.696,-5362.486,-1327.518
1027500,nan,3184.079,962.396,-5281.059,-1314.727
1028000,nan,3137.340,983.240,-5302.431,-1306.124
1028500,nan,3151.958,888.717,-5217.456,-1296.531
1029000,nan,3160.838,847.916,-5243.349,-1271.592
1029500,nan,3150.238,807.570,-5244.717,-1276.358
1030000,nan,3132.772,771.584,-5244.105,-1278.599
1030500,nan,3156.293,831.227,-5290.626,-1292.365
1031000,nan,3165.650,894.380,-5264.755,-1302.770
1031500,nan,3230.730,920.573,-5331.230,-1310.513
1032000,nan,3157.535,886.524,-5325.208,-1278.952
1032500,nan,3166.216,965.989,-5335.659,-1292.259
1033000,nan,3100.692,916.561,-5291.855,-1285.777
1033500,nan,3100.731,1016.380,-5377.130,-1298.802
1034000,nan,3159.595,1008.684,-5400.638,-1301.971
1034500,nan,3089.286,922.659,-5232.134,-1284.238
1035000,nan,3181.526,919.002,-5174.090,-1309.199
1035500,nan,3114.582,825.166,-5151.401,-1270.194
1036000,nan,3127.610,833.230,-5217.952,-1275.602
1036500,nan,3120.468,922.223,-5226.407,-1287.326
1037000,nan,3161.089,958.693,-5266.342,-1299.964
1037500,nan,3149.468,988.298,-5317.216,-1295.062
1038000,nan,3141.931,891.738,-5227.065,-1297.340
1038500,nan,3137.857,843.198,-5199.810,-1278.616
1039000,nan,3154.436,915.687,-5264.173,-1294.107
1039500,nan,3212.473,1015.679,-5327.331,-1342.857
1040000,nan,3124.462,977.892,-5377.816,-1324.293
1040500,nan,3157.154,1010.494,-5337.897,-1334.649
1041000,nan,3139.450,988.398,-5279.210,-1328.092
1041500,nan,3073.403,868.997,-5212.579,-1282.741
1042000,nan,3094.258,829.370,-5252.576,-1295.635
1042500,nan,3171.293,999.060,-5358.213,-1353.837
1043000,nan,3094.302,969.180,-5277.953,-1280.405
1043500,nan,3154.072,863.493,-5255.707,-1294.021
1044000,nan,3074.460,804.714,-5184.533,-1265.753
1044500,nan,3134.205,886.024,-5248.781,-1308.723
1045000,nan,3134.865,917.868,-5293.551,-1302.932
1045500,nan,3119.001,835.082,-5215.596,-1283.665
1046000,nan,3095.115,858.200,-5144.376,-1241.268
1046500,nan,3109.032,836.990,-5186.447,-1233.927
1047000,nan,3136.816,946.959,-5183.682,-1276.126
1047500,nan,3171.512,965.259,-5238.233,-1272.653
1048000,nan,3126.547,866.465,-5222.530,-1276.891
1048500,nan,3104.098,870.205,-5225.049,-1287.659
1049000,nan,3140.501,926.684,-5326.433,-1315.526
1049500,nan,3200.343,992.857,-5376.876,-1320.690
1050000,nan,3198.744,911.470,-5272.954,-1296.011
1050500,nan,3137.210,781.679,-5149.456,-1247.638
1051000,nan,3152.139,853.942,-5210.126,-1261.789
1051500,nan,3109.367,906.883,-5185.706,-1243.622
1052000,nan,3127.860,844.786,-5178.028,-1252.706
1052500,nan,3138.694,757.345,-5185.685,-1269.578
1053000,nan,3164.539,887.152,-5215.208,-1278.466
1053500,nan,3199.303,932.940,-5316.464,-1321.458
1054000,nan,3136.275,999.394,-5339.120,-1290.074
1054500,nan,3157.071,969.216,-5349.828,-1291.920
1055000,nan,3139.295,879.943,-5288.442,-1299.364
1055500,nan,3126.546,881.400,-5238.129,-1275.756
1056000,nan,3168.842,943.964,-5252.555,-1301.923
1056500,nan,3142.011,988.539,-5309.586,-1316.537
1057000,nan,3180.314,943.688,-5222.457,-1305.458
1057500,nan,3151.295,933.671,-5186.979,-1280.099
1058000,nan,3189.863,871.955,-5218.864,-1315.228
1058500,nan,3140.601,895.622,-5211.609,-1303.627
1059000,nan,3145.696,890.903,-5212.219,-1298.839
1059500,nan,3167.261,934.862,-5277.807,-1322.948
1060000,nan,3169.470,938.931,-5285.001,-1323.248
1060500,nan,3223.087,972.895,-5269.858,-1325.866
1061000,nan,3195.608,897.920,-5168.841,-1305.268
1061500,nan,3161.187,875.203,-5175.772,-1285.943
1062000,nan,3191.076,877.400,-5276.590,-1312.093
1062500,nan,3114.976,916.148,-5271.279,-1292.566
1063000,nan,3115.595,953.568,-5295.101,-1284.549
1063500,nan,3156.392,907.783,-5290.369,-1279.211
1064000,nan,3160.889,920.118,-5286.042,-1294.425
1064500,nan,3133.432,875.975,-5285.907,-1267.607
1065000,nan,3136.759,895.794,-5209.681,-1282.842
1065500,nan,3153.038,819.745,-5137.841,-1259.143
1066000,nan,3155.876,847.237,-5193.223,-1275.215
1066500,nan,3186.188,876.584,-5205.896,-1280.179
1067000,nan,3159.637,802.132,-5144.343,-1266.161
1067500,nan,3151.122,892.409,-5146.768,-1278.986
1068000,nan,3116.488,823.753,-5116.471,-1267.629
1068500,nan,3073.568,867.878,-5159.211,-1270.135
1069000,nan,3200.529,930.736,-5267.743,-1298.306
1069500,nan,3142.661,904.974,-5257.170,-1272.211
1070000,nan,3131.703,890.744,-5210.541,-1274.570
1070500,nan,3130.690,768.200,-5116.772,-1255.596
1071000,nan,3158.138,869.943,-5281.751,-1301.781
1071500,nan,3233.188,950.864,-5293.236,-1315.888
1072000,nan,3156.281,967.201,-5230.893,-1310.016
1072500,nan,3152.633,896.640,-5165.929,-1284.209
1073000,nan,3150.331,888.608,-5182.627,-1279.813
1073500,nan,3132.553,945.671,-5221.284,-1288.095
1074000,nan,3182.885,974.637,-5310.517,-1305.442
1074500,nan,3150.926,923.911,-5309.710,-1281.772
1075000,nan,3172.696,784.513,-5184.266,-1284.822
1075500,nan,3191.258,930.899,-5180.698,-1277.639
1076000,nan,3163.862,883.897,-5194.202,-1276.059
1076500,nan,3125.016,887.801,-5212.089,-1275.352
1077000,nan,3152.114,956.255,-5311.185,-1277.917
1077500,nan,3156.126,881.131,-5248.487,-1286.736
1078000,nan,3164.403,878.479,-5158.521,-1308.854
1078500,nan,3154.410,850.817,-5183.531,-1311.923
1079000,nan,3157.727,840.265,-5155.618,-1323.445
1079500,nan,3150.827,926.143,-5178.070,-1332.096
1080000,nan,3173.279,893.056,-5178.910,-1310.023
1080500,nan,3256.859,883.231,-5264.336,-1359.913
1081000,nan,3172.564,817.456,-5302.768,-1344.522
1081500,nan,3194.932,901.797,-5237.192,-1361.127
1082000,nan,3103.876,912.901,-5164.835,-1330.035
1082500,nan,3158.935,875.164,-5138.378,-1320.823
1083000,nan,3209.681,885.587,-5215.449,-1327.210
1083500,nan,3155.974,840.866,-5180.290,-1312.547
1084000,nan,3196.009,863.754,-5198.180,-1323.278
1084500,nan,3208.201,885.304,-5215.884,-1314.889
1085000,nan,3195.073,913.763,-5245.935,-1323.221
1085500,nan,3166.653,863.655,-5239.201,-1316.667
1086000,nan,3140.707,869.466,-5235.261,-1327.588
1086500,nan,3184.667,846.213,-5209.231,-1310.064
1087000,nan,3154.811,949.277,-5193.310,-1317.064
1087500,nan,3185.665,869.562,-5243.217,-1316.036
1088000,nan,3177.128,870.766,-5205.709,-1311.030
1088500,nan,3099.030,889.142,-5233.289,-1268.883
1089000,nan,3097.272,937.536,-5251.521,-1248.462
1089500,nan,3155.287,920.580,-5252.748,-1279.181
1090000,nan,3127.257,911.773,-5261.962,-1281.591
1090500,nan,3156.831,925.073,-5247.535,-1288.223
1091000,nan,3103.710,839.979,-5153.950,-1254.234
1091500,nan,3080.497,840.102,-5155.813,-1227.851
1092000,nan,3134.836,886.064,-5223.361,-1267.810
1092500,nan,3160.432,891.437,-5180.690,-1286.259
1093000,nan,3126.670,875.062,-5187.741,-1268.187
1093500,nan,3153.857,876.022,-5194.813,-1266.737
1094000,nan,3203.800,895.801,-5192.691,-1286.213
1094500,nan,3162.349,860.157,-5183.893,-1300.843
1095000,nan,3217.647,960.223,-5266.144,-1298.433
1095500,nan,3188.166,954.878,-5344.141,-1305.107
1096000,nan,3184.604,983.635,-5308.630,-1294.775
1096500,nan,3130.928,1003.622,-5330.371,-1287.663
1097000,nan,3143.685,903.858,-5259.454,-1301.450
1097500,nan,3095.429,906.212,-5242.282,-1286.429
1098000,nan,3186.411,971.540,-5273.570,-1288.903
1098500,nan,3146.387,1024.846,-5316.097,-1278.090
1099000,nan,3127.682,883.335,-5255.182,-1245.639
1099500,nan,3148.308,829.226,-5164.482,-1269.888
1100000,nan,3151.044,945.972,-5218.537,-1285.832
1100500,nan,3145.047,935.385,-5176.107,-1262.531
1101000,nan,3178.199,978.017,-5282.250,-1295.730
1101500,nan,3113.452,928.081,-5211.156,-1256.249
1102000,nan,3128.953,974.028,-5283.886,-1298.732
1102500,nan,3134.131,904.231,-5270.649,-1280.297
1103000,nan,3090.195,819.879,-5122.919,-1274.056
1103500,nan,3114.766,814.129,-5135.892,-1269.878
1104000,nan,3061.281,873.519,-5187.494,-1262.719
1104500,nan,3052.243,921.936,-5201.487,-1240.568
1105000,nan,3099.780,951.379,-5273.400,-1249.837
1105500,nan,3097.766,857.153,-5233.346,-1264.537
1106000,nan,3122.730,919.023,-5222.044,-1240.125
1106500,nan,3120.066,891.229,-5268.268,-1290.644
1107000,nan,3107.193,856.704,-5248.927,-1259.327
1107500,nan,3128.070,921.747,-5345.564,-1298.944
1108000,nan,3144.775,917.342,-5321.883,-1289.917
1108500,nan,3087.468,875.230,-5326.314,-1287.964
1109000,nan,3134.497,867.585,-5259.122,-1274.975
1109500,nan,3114.837,867.508,-5261.662,-1292.501
1110000,nan,3125.328,903.354,-5227.806,-1269.882
1110500,nan,3205.538,888.795,-5249.625,-1275.519
1111000,nan,3155.844,885.076,-5191.264,-1279.390
1111500,nan,3111.416,933.327,-5218.012,-1261.625
1112000,nan,3168.323,996.277,-5302.196,-1294.510
1112500,nan,3131.969,999.828,-5282.074,-1263.426
1113000,nan,3145.710,1016.970,-5275.101,-1282.011
1113500,nan,3142.769,1009.153,-5330.587,-1275.791
1114000,nan,3174.475,1009.141,-5283.808,-1318.386
1114500,nan,3121.874,945.048,-5205.526,-1289.581
1115000,nan,3142.165,895.272,-5243.448,-1313.368
1115500,nan,3164.900,866.316,-5303.865,-1297.994
1116000,nan,3173.729,926.534,-5265.802,-1309.397
1116500,nan,3100.533,831.519,-5236.456,-1278.147
1117000,nan,3121.163,788.103,-5191.221,-1238.947
1117500,nan,3073.927,906.538,-5252.667,-1251.788
1118000,nan,3109.025,885.228,-5287.596,-1274.543
1118500,nan,3121.272,915.410,-5348.362,-1292.835
1119000,nan,3138.526,1008.272,-5355.597,-1293.766
1119500,nan,3148.856,984.821,-5329.912,-1292.129
1120000,nan,3128.259,935.060,-5343.265,-1309.113
1120500,nan,3129.312,837.174,-5281.636,-1260.266
1121000,nan,3131.701,866.792,-5251.354,-1273.517
1121500,nan,3160.212,944.992,-5331.009,-1299.381
1122000,nan,3157.629,909.027,-5309.820,-1278.317
1122500,nan,3153.725,959.501,-5265.454,-1289.248
1123000,nan,3198.254,965.488,-5242.559,-1282.511
1123500,nan,3191.743,938.427,-5253.158,-1297.080
1124000,nan,3131.054,854.789,-5200.087,-1288.011
1124500,nan,3101.673,856.265,-5176.332,-1267.042
1125000,nan,3164.179,985.163,-5242.164,-1311.745
1125500,nan,3191.629,862.317,-5257.447,-1325.850
1126000,nan,3179.529,871.455,-5266.267,-1323.175
1126500,nan,3137.566,876.637,-5304.738,-1300.075
1127000,nan,3128.421,1009.458,-5351.848,-1301.581
1127500,nan,3137.578,881.962,-5251.571,-1291.173
1128000,nan,3132.487,891.725,-5239.527,-1291.508
1128500,nan,3184.804,908.259,-5279.153,-1308.895
1129000,nan,3148.360,815.035,-5188.623,-1283.924
1129500,nan,3069.666,888.877,-5166.372,-1245.757
1130000,nan,3123.926,954.470,-5174.037,-1258.076
1130500,nan,3202.227,902.946,-5238.857,-1260.734
1131000,nan,3171.525,912.923,-5304.058,-1273.678
1131500,nan,3192.073,956.854,-5296.299,-1298.292
1132000,nan,3229.024,992.021,-5242.480,-1310.881
1132500,nan,3121.591,877.301,-5220.815,-1280.007
1133000,nan,3158.631,955.648,-5232.647,-1290.439
1133500,nan,3150.677,918.643,-5238.135,-1269.555
1134000,nan,3137.322,966.700,-5247.832,-1273.052
1134500,nan,3142.087,931.895,-5228.770,-1289.316
1135000,nan,3151.250,852.377,-5193.759,-1275.067
1135500,nan,3199.498,981.706,-5243.582,-1289.834
1136000,nan,3183.919,948.679,-5275.337,-1307.337
1136500,nan,3159.624,944.115,-5286.045,-1287.916
1137000,nan,3121.246,900.837,-5169.240,-1287.958
1137500,nan,3180.600,878.282,-5189.746,-1306.522
1138000,nan,3149.965,967.389,-5181.802,-1274.915
1138500,nan,3202.860,941.758,-5250.814,-1298.719
1139000,nan,3190.341,919.128,-5242.092,-1275.754
1139500,nan,3140.152,980.783,-5251.086,-1277.232
1140000,nan,3157.472,939.129,-5195.371,-1278.760
1140500,nan,3081.832,824.047,-5057.277,-1252.878
1141000,nan,3115.936,871.157,-5131.821,-1282.586
1141500,nan,3163.340,879.734,-5197.088,-1262.526
1142000,nan,3117.742,937.203,-5218.846,-1263.978
1142500,nan,3126.701,800.066,-5166.262,-1263.648
1143000,nan,3148.892,811.502,-5226.294,-1254.687
1143500,nan,3141.916,889.425,-5147.866,-1254.032
1144000,nan,3129.641,908.878,-5169.722,-1254.004
1144500,nan,3137.513,973.368,-5331.935,-1280.394
1145000,nan,3180.807,959.824,-5305.119,-1297.093
1145500,nan,3127.153,940.226,-5193.179,-1265.725
1146000,nan,3122.797,887.287,-5171.123,-1271.108
1146500,nan,3135.530,910.077,-5233.683,-1273.764
1147000,nan,3177.875,845.732,-5217.253,-1295.084
1147500,nan,3126.339,790.471,-5112.057,-1248.215
1148000,nan,3117.583,736.100,-5081.034,-1242.019
1148500,nan,3145.509,948.009,-5191.868,-1277.751
1149000,nan,3158.794,967.840,-5233.996,-1271.728
1149500,nan,3210.208,951.209,-5292.992,-1288.343
1150000,nan,3199.314,1004.999,-5263.157,-1269.922
1150500,nan,3146.349,879.520,-5178.872,-1250.264
1151000,nan,3141.041,851.004,-5127.637,-1255.575
1151500,nan,3128.400,824.765,-5081.630,-1239.182
1152000,nan,3077.479,769.155,-5047.701,-1236.084
1152500,nan,3210.106,815.748,-5143.271,-1274.760
1153000,nan,3088.627,908.939,-5255.718,-1280.288
1153500,nan,3110.482,908.928,-5252.221,-1310.022
1154000,nan,3168.203,911.000,-5285.428,-1314.210
1154500,nan,3146.213,951.275,-5333.756,-1310.550
1155000,nan,3147.500,915.688,-5202.371,-1295.764
1155500,nan,3116.142,851.708,-5209.257,-1275.134
1156000,nan,3175.239,928.648,-5218.160,-1270.775
1156500,nan,3159.340,898.980,-5262.473,-1258.272
1157000,nan,3171.395,866.052,-5237.397,-1279.778
1157500,nan,3086.698,983.781,-5294.937,-1253.580
1158000,nan,3116.824,898.263,-5231.784,-1269.239
1158500,nan,3135.134,878.615,-5220.237,-1267.633
1159000,nan,3116.680,884.015,-5240.067,-1272.423
1159500,nan,3135.160,938.675,-5297.007,-1293.574
1160000,nan,3119.958,984.442,-5266.759,-1283.942
1160500,nan,3082.143,880.276,-5187.307,-1247.690
1161000,nan,3120.785,899.808,-5204.155,-1295.786
1161500,nan,3144.664,928.925,-5212.434,-1254.677
1162000,nan,3109.253,960.387,-5146.611,-1233.515
1162500,nan,3139.728,804.875,-5119.928,-1249.423
1163000,nan,3124.434,863.426,-5169.569,-1243.841
1163500,nan,3125.189,898.930,-5258.948,-1259.218
1164000,nan,3093.365,930.532,-5273.228,-1277.545
1164500,nan,3165.867,958.744,-5251.948,-1256.691
1165000,nan,3137.271,958.961,-5302.170,-1280.510
1165500,nan,3180.454,866.158,-5260.726,-1306.443
1166000,nan,3160.178,887.522,-5265.981,-1311.093
1166500,nan,3158.883,908.786,-5190.184,-1275.284
1167000,nan,3138.516,846.350,-5170.814,-1266.276
1167500,nan,3138.356,846.137,-5209.821,-1279.539
1168000,nan,3164.122,929.426,-5228.563,-1278.143
1168500,nan,3112.621,881.260,-5219.376,-1263.768
1169000,nan,3113.092,938.481,-5225.047,-1256.373
1169500,nan,3120.675,922.010,-5244.325,-1269.586
1170000,nan,3111.489,889.098,-5230.854,-1261.002
1170500,nan,3171.391,907.048,-5278.828,-1274.956
1171000,nan,3111.211,877.688,-5250.774,-1266.538
1171500,nan,3100.320,878.262,-5261.050,-1248.456
1172000,nan,3137.276,878.257,-5232.902,-1254.375
1172500,nan,3161.947,899.187,-5231.268,-1250.073
1173000,nan,3181.924,962.091,-5295.673,-1273.877
1173500,nan,3212.884,975.862,-5325.630,-1283.157
1174000,nan,3158.184,971.103,-5219.871,-1249.283
1174500,nan,3135.495,934.697,-5210.549,-1240.717
1175000,nan,3154.840,935.742,-5231.727,-1249.452
1175500,nan,3135.058,855.655,-5287.621,-1269.756
1176000,nan,3150.195,873.540,-5241.595,-1251.801
1176500,nan,3195.072,844.585,-5238.151,-1264.488
1177000,nan,3053.066,900.562,-5187.201,-1228.023
1177500,nan,3172.663,886.818,-5190.990,-1264.928
1178000,nan,3129.880,878.102,-5151.028,-1268.882
1178500,nan,3151.470,890.252,-5204.643,-1271.386
1179000,nan,3136.793,853.133,-5263.860,-1281.170
1179500,nan,3116.710,800.523,-5267.168,-1260.609
1180000,nan,3113.417,882.448,-5201.086,-1265.135
1180500,nan,3102.427,906.299,-5163.999,-1255.121
1181000,nan,3183.521,936.013,-5188.882,-1268.335
1181500,nan,3128.536,866.776,-5168.470,-1248.673
1182000,nan,3162.384,888.256,-5187.627,-1266.283
1182500,nan,3115.271,923.408,-5268.933,-1279.777
1183000,nan,3181.136,925.792,-5273.814,-1258.066
1183500,nan,3173.682,985.753,-5323.606,-1265.484
1184000,nan,3172.015,1086.598,-5349.610,-1282.511
1184500,nan,3163.453,968.227,-5226.830,-1275.829
1185000,nan,3120.001,926.278,-5223.595,-1257.923
1185500,nan,3110.683,950.421,-5266.129,-1237.441
1186000,nan,3065.187,951.203,-5288.894,-1232.309
1186500,nan,3043.422,928.016,-5313.281,-1222.337
1187000,nan,3070.586,912.534,-5321.397,-1249.417
1187500,nan,3016.806,884.547,-5284.335,-1234.906
1188000,nan,3072.200,882.201,-5323.432,-1239.391
1188500,nan,3067.873,792.164,-5334.967,-1247.402
1189000,nan,3028.062,849.079,-5289.886,-1227.226
1189500,nan,3001.309,834.605,-5251.533,-1246.271
1190000,nan,3111.967,871.306,-5320.780,-1270.903
1190500,nan,3134.194,952.460,-5328.650,-1289.095
1191000,nan,3124.115,907.794,-5280.897,-1259.761
1191500,nan,3099.776,887.143,-5295.177,-1252.148
1192000,nan,3132.245,959.351,-5376.412,-1248.854
1192500,nan,3015.605,947.927,-5305.499,-1254.580
1193000,nan,3070.774,918.944,-5255.355,-1223.316
1193500,nan,3084.589,854.824,-5209.771,-1228.186
1194000,nan,3060.193,839.529,-5165.907,-1230.971
1194500,nan,3139.837,921.107,-5242.465,-1281.697
1195000,nan,3092.456,920.206,-5305.257,-1257.800
1195500,nan,3112.161,844.306,-5259.961,-1268.419
1196000,nan,3118.865,856.972,-5225.412,-1262.999
1196500,nan,3122.063,893.416,-5199.182,-1263.292
1197000,nan,3129.197,987.501,-5217.944,-1284.823
1197500,nan,3187.371,901.545,-5204.466,-1284.808
1198000,nan,3131.853,869.701,-5182.692,-1250.171
1198500,nan,3184.314,851.351,-5219.871,-1267.308
1199000,nan,3086.069,938.596,-5293.673,-1259.542
1199500,nan,3117.228,1107.314,-5363.813,-1267.220
1200000,nan,3120.416,986.587,-5312.110,-1290.742
1200500,nan,3128.613,917.073,-5212.635,-1262.008
1201000,nan,3183.316,917.273,-5326.018,-1282.226
1201500,nan,3129.988,863.016,-5322.556,-1270.044
1202000,nan,3141.547,928.058,-5307.083,-1255.180
1202500,nan,3088.422,868.561,-5265.839,-1259.978
1203000,nan,3185.737,870.884,-5214.162,-1266.824
1203500,nan,3101.921,904.318,-5203.612,-1249.249
1204000,nan,3132.786,1003.670,-5309.744,-1269.915
1204500,nan,3196.830,916.967,-5298.401,-1271.110
1205000,nan,3187.654,918.371,-5213.551,-1266.410
1205500,nan,3191.975,879.445,-5235.815,-1264.431
1206000,nan,3082.138,890.927,-5257.852,-1234.734
1206500,nan,3096.108,958.272,-5323.051,-1246.690
1207000,nan,3205.746,952.699,-5296.833,-1289.064
1207500,nan,3216.182,907.136,-5221.024,-1275.034
1208000,nan,3137.071,848.526,-5150.203,-1280.425
1208500,nan,3100.662,888.476,-5164.105,-1281.847
1209000,nan,3149.668,843.254,-5197.449,-1284.847
1209500,nan,3164.738,818.205,-5138.133,-1259.558
1210000,nan,3154.631,844.513,-5195.321,-1259.254
1210500,nan,3176.321,956.976,-5235.334,-1280.795
1211000,nan,3220.489,873.085,-5285.305,-1308.543
1211500,nan,3192.620,954.181,-5384.771,-1324.018
1212000,nan,3191.244,1040.237,-5371.405,-1305.549
1212500,nan,3145.215,968.920,-5349.432,-1279.586
1213000,nan,3059.380,968.175,-5251.974,-1239.598
1213500,nan,3180.062,847.871,-5183.964,-1263.226
1214000,nan,3165.379,844.561,-5166.926,-1264.946
1214500,nan,3147.876,756.403,-5205.125,-1252.985
1215000,nan,3144.550,853.068,-5160.333,-1255.943
1215500,nan,3167.715,903.518,-5248.071,-1282.749
1216000,nan,3149.505,922.313,-5278.558,-1283.900
1216500,nan,3134.921,820.093,-5218.539,-1289.087
1217000,nan,3112.217,850.191,-5179.183,-1260.247
1217500,nan,3055.470,875.162,-5205.230,-1237.616
1218000,nan,3083.373,912.537,-5231.807,-1216.064
1218500,nan,3136.146,875.445,-5290.984,-1242.472
1219000,nan,3088.376,929.882,-5304.567,-1245.316
1219500,nan,3117.303,997.750,-5372.111,-1259.707
1220000,nan,3105.279,829.389,-5299.846,-1249.291
1220500,nan,3167.289,954.397,-5286.804,-1256.706
1221000,nan,3164.214,1001.704,-5359.677,-1271.688
1221500,nan,3117.820,981.240,-5322.528,-1257.851
1222000,nan,3176.064,955.026,-5298.211,-1261.626
1222500,nan,3079.059,860.753,-5176.323,-1215.619
1223000,nan,3018.821,887.336,-5193.107,-1232.088
1223500,nan,3100.923,869.687,-5204.794,-1237.009
1224000,nan,3048.424,885.121,-5209.663,-1246.956
1224500,nan,3134.139,959.234,-5315.917,-1283.681
1225000,nan,3177.944,959.968,-5288.827,-1281.593
1225500,nan,3163.631,912.386,-5149.019,-1281.833
1226000,nan,3194.073,794.993,-5147.023,-1297.528
1226500,nan,3165.660,960.227,-5189.784,-1294.639
1227000,nan,3141.055,897.781,-5280.929,-1282.532
1227500,nan,3187.060,907.849,-5249.653,-1272.688
1228000,nan,3099.518,963.722,-5238.222,-1261.726
1228500,nan,3163.640,906.198,-5162.569,-1272.130
1229000,nan,3237.526,877.899,-5193.378,-1286.029
1229500,nan,3184.038,965.724,-5230.945,-1306.228
1230000,nan,3161.085,953.720,-5248.539,-1292.112
1230500,nan,3250.383,981.318,-5296.949,-1326.984
1231000,nan,3156.936,936.947,-5330.668,-1281.277
1231500,nan,3143.201,881.051,-5237.030,-1292.234
1232000,nan,3125.700,888.069,-5224.572,-1273.812
1232500,nan,3170.940,981.799,-5320.374,-1294.687
1233000,nan,3192.286,957.265,-5306.593,-1296.854
1233500,nan,3177.868,991.710,-5364.825,-1308.082
1234000,nan,3146.383,953.144,-5274.056,-1286.807
1234500,nan,3154.619,943.806,-5284.118,-1271.835
1235000,nan,3187.385,1012.287,-5267.402,-1327.692
1235500,nan,3160.662,922.830,-5195.438,-1300.623
1236000,nan,3114.221,838.475,-5176.130,-1272.733
1236500,nan,3141.680,839.764,-5239.256,-1289.331
1237000,nan,3039.086,858.949,-5272.281,-1254.337
1237500,nan,3100.701,871.534,-5256.136,-1265.276
1238000,nan,3100.590,931.204,-5220.985,-1240.793
1238500,nan,3118.108,802.808,-5113.750,-1241.468
1239000,nan,3136.120,841.980,-5129.320,-1261.852
1239500,nan,3191.021,906.286,-5219.079,-1288.153
1240000,nan,3154.102,1006.330,-5382.613,-1277.641
1240500,nan,3189.564,1017.809,-5379.996,-1308.342
1241000,nan,3105.435,905.526,-5237.715,-1293.171
1241500,nan,3113.349,851.245,-5170.505,-1256.732
1242000,nan,3181.096,907.080,-5253.216,-1303.049
1242500,nan,3118.022,907.714,-5211.457,-1273.311
1243000,nan,3092.130,909.817,-5262.344,-1280.920
1243500,nan,3114.865,1051.133,-5232.581,-1282.384
1244000,nan,3148.787,918.098,-5224.826,-1280.815
1244500,nan,3194.399,1018.668,-5429.915,-1299.811
1245000,nan,3218.285,1059.819,-5404.346,-1308.862
1245500,nan,3092.420,926.008,-5256.907,-1266.264
1246000,nan,3086.469,896.843,-5135.775,-1273.318
1246500,nan,3152.061,881.425,-5238.357,-1309.145
1247000,nan,3145.899,960.017,-5335.496,-1304.506
1247500,nan,3192.257,924.834,-5316.728,-1339.411
1248000,nan,3180.314,853.765,-5304.823,-1305.437
1248500,nan,3121.566,925.585,-5229.610,-1270.947
1249000,nan,3130.561,910.760,-5285.084,-1282.124
1249500,nan,3131.106,986.762,-5319.200,-1275.116
1250000,nan,3125.901,926.234,-5335.497,-1265.889
1250500,nan,3131.517,925.963,-5262.604,-1283.118
1251000,nan,3202.969,905.385,-5132.997,-1277.092
1251500,nan,3171.502,977.189,-5185.979,-1284.000
1252000,nan,3221.665,982.876,-5270.788,-1294.248
1252500,nan,3192.777,938.339,-5268.747,-1278.301
1253000,nan,3122.736,1046.134,-5301.601,-1289.197
1253500,nan,3154.079,938.423,-5320.363,-1288.759
1254000,nan,3116.207,877.891,-5209.285,-1267.306
1254500,nan,3150.029,872.189,-5176.357,-1262.613
1255000,nan,3149.704,834.507,-5135.629,-1262.616
1255500,nan,3165.274,856.484,-5082.906,-1241.753
1256000,nan,3180.678,833.845,-5088.165,-1249.097
1256500,nan,3196.024,917.228,-5175.596,-1281.647
1257000,nan,3111.969,987.978,-5232.056,-1266.876
1257500,nan,3190.645,925.786,-5213.882,-1308.416
1258000,nan,3118.840,928.170,-5244.211,-1256.198
1258500,nan,3159.126,924.794,-5236.956,-1276.639
1259000,nan,3120.159,827.879,-5220.340,-1256.510
1259500,nan,3152.417,862.320,-5193.236,-1269.758
1260000,nan,3199.382,939.967,-5309.715,-1286.132
1260500,nan,3123.020,1003.232,-5272.575,-1266.037
1261000,nan,3199.489,948.620,-5256.074,-1276.604
1261500,nan,3150.638,846.051,-5217.100,-1265.578
1262000,nan,3183.872,948.710,-5280.969,-1276.401
1262500,nan,3188.699,994.415,-5367.611,-1320.123
1263000,nan,3146.955,998.282,-5300.177,-1298.761
1263500,nan,3204.465,978.292,-5308.765,-1310.990
1264000,nan,3176.329,925.955,-5263.432,-1291.845
1264500,nan,3188.460,916.352,-5307.162,-1298.462
1265000,nan,3158.879,1028.910,-5280.261,-1295.597
1265500,nan,3208.793,973.941,-5306.945,-1299.148
1266000,nan,3168.118,1006.674,-5230.060,-1283.489
1266500,nan,3181.345,901.835,-5179.504,-1267.849
1267000,nan,3078.603,834.154,-5107.680,-1259.458
1267500,nan,3120.686,914.420,-5129.182,-1257.290
1268000,nan,3163.107,871.477,-5137.131,-1244.023
1268500,nan,3132.023,874.799,-5189.849,-1245.802
1269000,nan,3108.559,968.722,-5230.074,-1265.265
1269500,nan,3139.167,917.546,-5210.415,-1277.485
1270000,nan,3168.804,903.256,-5233.031,-1302.987
1270500,nan,3203.315,1031.148,-5329.831,-1314.312
1271000,nan,3154.522,936.892,-5331.427,-1291.874
1271500,nan,3156.474,939.005,-5351.798,-1299.950
1272000,nan,3135.594,871.174,-5311.092,-1284.237
1272500,nan,3095.956,890.298,-5314.869,-1275.022
1273000,nan,3110.834,828.759,-5206.144,-1260.109
1273500,nan,3187.850,936.029,-5254.539,-1294.362
1274000,nan,3198.051,905.595,-5267.466,-1302.327
1274500,nan,3233.494,906.836,-5247.624,-1291.583
1275000,nan,3160.419,929.886,-5259.638,-1284.201
1275500,nan,3147.445,915.245,-5287.773,-1308.667
1276000,nan,3128.295,950.141,-5232.818,-1263.781
1276500,nan,3163.823,865.396,-5197.519,-1297.938
1277000,nan,3207.328,927.182,-5195.451,-1285.575
1277500,nan,3172.404,839.068,-5169.938,-1262.017
1278000,nan,3130.089,764.559,-5126.386,-1262.916
1278500,nan,3114.083,765.916,-5158.486,-1282.016
1279000,nan,3216.747,916.958,-5238.883,-1289.382
1279500,nan,3249.054,905.629,-5239.401,-1333.004
1280000,nan,3251.698,873.611,-5238.892,-1315.131
1280500,nan,3215.061,942.359,-5229.903,-1326.312
1281000,nan,3147.026,843.724,-5236.307,-1295.273
1281500,nan,3212.327,888.381,-5292.599,-1284.471
1282000,nan,3225.245,958.449,-5348.109,-1323.629
1282500,nan,3108.142,872.022,-5227.335,-1261.239
1283000,nan,3153.989,911.624,-5200.673,-1269.854
1283500,nan,3202.125,876.676,-5216.878,-1278.068
1284000,nan,3162.401,972.363,-5212.673,-1317.600
1284500,nan,3154.925,826.045,-5194.244,-1302.569
1285000,nan,3125.198,847.324,-5192.363,-1286.274
1285500,nan,3189.381,941.270,-5243.819,-1314.719
1286000,nan,3170.300,930.853,-5255.975,-1306.901
1286500,nan,3252.444,947.651,-5200.276,-1317.912
1287000,nan,3144.487,866.714,-5167.924,-1273.041
1287500,nan,3206.531,899.674,-5202.423,-1310.097
1288000,nan,3197.954,939.020,-5233.460,-1302.619
1288500,nan,3193.193,824.997,-5128.126,-1309.098
1289000,nan,3183.194,794.260,-5114.486,-1302.510
1289500,nan,3159.893,798.072,-5167.898,-1319.342
1290000,nan,3117.074,861.868,-5162.353,-1309.539
1290500,nan,3222.960,912.978,-5168.754,-1332.750
1291000,nan,3166.751,935.102,-5189.569,-1291.127
1291500,nan,3199.827,947.590,-5213.192,-1305.880
1292000,nan,3227.733,899.666,-5294.646,-1327.669
1292500,nan,3268.979,969.391,-5307.163,-1328.046
1293000,nan,3214.322,979.264,-5290.850,-1309.021
1293500,nan,3203.524,1000.957,-5282.040,-1318.347
1294000,nan,3224.416,989.739,-5345.144,-1344.881
1294500,nan,3149.277,1065.290,-5368.414,-1338.382
1295000,nan,3173.049,1037.763,-5360.811,-1309.478
1295500,nan,3160.157,944.707,-5315.573,-1297.390
1296000,nan,3203.852,885.032,-5242.445,-1315.215
1296500,nan,3244.525,934.938,-5297.466,-1327.956
1297000,nan,3191.851,1009.798,-5307.528,-1335.500
1297500,nan,3197.578,852.652,-5168.992,-1333.583
1298000,nan,3159.967,818.613,-5110.362,-1307.938
1298500,nan,3182.069,868.603,-5258.576,-1323.955
1299000,nan,3195.074,872.606,-5297.552,-1299.847
1299500,nan,3211.001,994.330,-5329.900,-1311.279
1300000,nan,3195.024,978.653,-5273.674,-1299.005
1300500,nan,3148.814,940.445,-5279.529,-1288.176
1301000,nan,3191.627,977.194,-5270.745,-1286.629
1301500,nan,3126.649,997.436,-5238.581,-1296.964
1302000,nan,3179.847,888.351,-5194.508,-1302.252
1302500,nan,3187.330,864.648,-5197.413,-1288.892
1303000,nan,3205.934,843.679,-5257.150,-1302.285
1303500,nan,3194.197,839.586,-5230.240,-1314.375
1304000,nan,3193.481,976.367,-5329.761,-1333.392
1304500,nan,3175.450,897.576,-5306.221,-1316.414
1305000,nan,3170.005,984.879,-5299.409,-1319.415
1305500,nan,3180.652,877.025,-5219.646,-1322.439
1306000,nan,3226.407,871.036,-5249.255,-1321.712
1306500,nan,3146.995,1000.328,-5291.249,-1304.746
1307000,nan,3146.458,953.176,-5270.701,-1282.107
1307500,nan,3135.894,927.389,-5241.561,-1287.861
1308000,nan,3118.257,948.139,-5248.967,-1269.264
1308500,nan,3159.824,877.114,-5178.626,-1269.552
1309000,nan,3138.562,877.079,-5223.451,-1252.679
1309500,nan,3183.905,982.201,-5340.720,-1289.545
1310000,nan,3173.174,936.436,-5315.554,-1291.591
1310500,nan,3170.534,967.618,-5289.019,-1296.954
1311000,nan,3181.115,881.429,-5257.956,-1297.382
1311500,nan,3138.416,902.572,-5236.259,-1264.532
1312000,nan,3104.325,902.867,-5219.852,-1264.167
1312500,nan,3107.540,951.232,-5243.625,-1274.125
1313000,nan,3140.219,987.657,-5194.929,-1262.092
1313500,nan,3144.935,930.661,-5244.886,-1260.457
1314000,nan,3144.053,957.326,-5305.480,-1282.978
1314500,nan,3131.967,984.569,-5252.508,-1265.391
1315000,nan,3154.738,970.521,-5215.925,-1254.269
1315500,nan,3128.034,926.887,-5204.838,-1260.196
1316000,nan,3135.361,834.680,-5189.851,-1255.390
1316500,nan,3071.481,891.096,-5205.185,-1245.837
1317000,nan,3140.258,864.243,-5172.390,-1245.913
1317500,nan,3139.661,941.444,-5208.098,-1273.909
1318000,nan,3163.740,914.019,-5224.525,-1260.004
1318500,nan,3207.369,1016.645,-5294.571,-1272.060
1319000,nan,3190.243,952.055,-5307.819,-1267.660
1319500,nan,3111.153,926.842,-5255.261,-1291.156
1320000,nan,3120.461,833.827,-5238.943,-1264.331
1320500,nan,3119.368,908.835,-5283.768,-1275.472
1321000,nan,3183.115,857.706,-5202.116,-1272.606
1321500,nan,3129.968,867.911,-5250.288,-1280.282
1322000,nan,3144.720,869.468,-5228.190,-1292.733
1322500,nan,3166.436,832.651,-5183.223,-1319.810
1323000,nan,3213.271,867.612,-5235.759,-1303.504
1323500,nan,3174.514,932.825,-5271.483,-1310.587
1324000,nan,3175.948,916.421,-5239.281,-1314.104
1324500,nan,3185.045,852.649,-5174.364,-1297.923
1325000,nan,3161.249,952.624,-5238.988,-1308.800
1325500,nan,3216.890,973.337,-5300.018,-1309.491
1326000,nan,3227.351,984.194,-5325.510,-1324.823
1326500,nan,3150.064,941.026,-5242.955,-1294.055
1327000,nan,3109.712,864.038,-5202.557,-1279.379
1327500,nan,3160.293,852.917,-5150.780,-1266.359
1328000,nan,3122.950,878.030,-5126.397,-1285.615
1328500,nan,3179.933,967.536,-5258.046,-1294.329
1329000,nan,3127.692,945.739,-5239.677,-1287.577
1329500,nan,3180.026,885.607,-5297.992,-1296.134
1330000,nan,3165.194,998.337,-5249.564,-1282.016
1330500,nan,3179.335,882.732,-5190.593,-1287.940
1331000,nan,3179.757,871.719,-5231.569,-1292.459
1331500,nan,3187.580,913.985,-5218.269,-1298.024
1332000,nan,3177.839,960.568,-5144.591,-1281.142
1332500,nan,3174.476,943.619,-5239.443,-1285.901
1333000,nan,3105.886,955.197,-5304.999,-1275.093
1333500,nan,3150.003,988.378,-5261.855,-1293.060
1334000,nan,3174.574,948.466,-5283.114,-1304.585
1334500,nan,3086.321,1005.410,-5301.248,-1296.555
1335000,nan,3187.816,906.695,-5197.026,-1310.551
1335500,nan,3177.239,827.280,-5145.190,-1288.834
1336000,nan,3158.903,907.889,-5268.028,-1304.854
1336500,nan,3224.506,926.694,-5261.955,-1338.231
1337000,nan,3198.464,936.130,-5233.419,-1338.659
1337500,nan,3137.712,930.366,-5231.662,-1300.034
1338000,nan,3155.645,862.522,-5240.931,-1326.358
1338500,nan,3174.509,819.326,-5221.707,-1326.894
1339000,nan,3188.163,793.491,-5174.704,-1340.864
1339500,nan,3151.982,829.431,-5211.164,-1323.474
1340000,nan,3157.328,907.081,-5218.607,-1339.193
1340500,nan,3147.430,916.795,-5236.881,-1325.847
1341000,nan,3175.372,908.595,-5294.776,-1352.219
1341500,nan,3148.239,794.127,-5228.296,-1315.208
1342000,nan,3105.558,818.672,-5241.316,-1325.582
1342500,nan,3113.299,876.863,-5240.018,-1318.984
1343000,nan,3131.220,894.747,-5228.630,-1289.139
1343500,nan,3124.939,876.047,-5268.108,-1310.777
1344000,nan,3211.705,1037.116,-5280.713,-1337.988
1344500,nan,3215.846,992.101,-5260.892,-1328.048
1345000,nan,3238.139,916.923,-5255.020,-1345.149
1345500,nan,3172.975,936.296,-5221.713,-1338.208
1346000,nan,3183.364,906.469,-5251.448,-1314.066
1346500,nan,3189.219,987.556,-5201.290,-1318.026
1347000,nan,3222.218,937.252,-5235.744,-1331.762
1347500,nan,3192.162,945.290,-5241.890,-1310.524
1348000,nan,3206.945,929.344,-5182.946,-1324.163
1348500,nan,3160.103,882.700,-5126.448,-1286.733
1349000,nan,3216.868,876.848,-5207.716,-1335.325
1349500,nan,3165.023,957.877,-5257.468,-1347.665
1350000,nan,3163.857,929.366,-5225.570,-1336.531
1350500,nan,3205.686,853.699,-5198.691,-1331.841
1351000,nan,3154.345,954.260,-5279.978,-1309.982
1351500,nan,3192.801,930.219,-5244.306,-1332.064
1352000,nan,3176.652,946.625,-5225.917,-1345.259
1352500,nan,3133.007,894.908,-5135.856,-1300.432
1353000,nan,3224.902,870.916,-5113.010,-1316.226
1353500,nan,3129.564,888.495,-5158.114,-1302.658
1354000,nan,3143.910,851.104,-5223.069,-1332.825
1354500,nan,3212.768,1000.741,-5306.537,-1359.738
1355000,nan,3136.571,945.733,-5290.023,-1312.171
1355500,nan,3201.464,981.501,-5303.941,-1337.372
1356000,nan,3163.338,840.400,-5227.674,-1306.302
1356500,nan,3136.977,951.904,-5289.242,-1320.222
1357000,nan,3177.439,939.313,-5290.329,-1319.512
1357500,nan,3141.033,870.130,-5208.249,-1292.620
1358000,nan,3122.821,873.415,-5305.649,-1314.141
1358500,nan,3170.054,889.872,-5295.374,-1301.046
1359000,nan,3141.270,940.463,-5260.228,-1273.766
1359500,nan,3139.042,813.320,-5132.108,-1263.944
1360000,nan,3108.126,879.190,-5153.636,-1238.716
1360500,nan,3081.518,906.813,-5231.729,-1240.958
1361000,nan,3138.750,986.238,-5295.149,-1280.266
1361500,nan,3115.516,1001.491,-5338.450,-1282.622
1362000,nan,3151.825,1052.800,-5380.648,-1261.187
1362500,nan,3125.427,979.966,-5272.798,-1282.168
1363000,nan,3129.031,893.894,-5291.659,-1289.004
1363500,nan,3138.222,994.075,-5264.101,-1282.482
1364000,nan,3121.784,953.019,-5196.916,-1269.197
1364500,nan,3128.133,935.243,-5257.629,-1260.266
1365000,nan,3121.996,908.615,-5263.124,-1256.642
1365500,nan,3189.905,878.932,-5230.022,-1279.943
1366000,nan,3131.118,810.648,-5170.000,-1252.868
1366500,nan,3179.864,862.766,-5197.289,-1283.736
1367000,nan,3202.448,903.702,-5149.018,-1312.458
1367500,nan,3183.894,867.767,-5175.339,-1318.762
1368000,nan,3171.965,866.292,-5191.816,-1297.839
1368500,nan,3224.100,904.801,-5219.108,-1334.256
1369000,nan,3186.762,866.064,-5147.938,-1286.296
1369500,nan,3120.431,879.517,-5131.548,-1262.916
1370000,nan,3160.594,945.688,-5200.006,-1303.283
1370500,nan,3105.095,950.922,-5131.456,-1258.441
1371000,nan,3116.879,891.104,-5110.339,-1246.303
1371500,nan,3165.966,853.309,-5147.435,-1265.836
1372000,nan,3108.154,914.908,-5144.861,-1255.346
1372500,nan,3138.889,806.940,-5200.871,-1283.360
1373000,nan,3135.689,838.949,-5206.197,-1294.772
1373500,nan,3128.062,895.165,-5187.446,-1286.133
1374000,nan,3227.888,884.265,-5253.967,-1314.941
1374500,nan,3231.433,957.670,-5255.104,-1325.759
1375000,nan,3164.448,965.608,-5229.728,-1291.362
1375500,nan,3137.707,853.852,-5202.445,-1300.273
1376000,nan,3203.516,855.032,-5257.187,-1333.384
1376500,nan,3204.662,831.504,-5272.553,-1347.279
1377000,nan,3232.368,863.046,-5249.905,-1348.488
1377500,nan,3261.264,909.520,-5261.595,-1351.398
1378000,nan,3191.269,936.360,-5257.809,-1342.658
1378500,nan,3130.351,915.634,-5253.384,-1301.949
1379000,nan,3182.300,853.546,-5245.006,-1310.283
1379500,nan,3169.028,907.261,-5245.689,-1299.249
1380000,nan,3103.576,980.218,-5218.762,-1304.007
1380500,nan,3168.947,1000.813,-5226.361,-1321.011
1381000,nan,3092.622,924.181,-5253.424,-1298.414
1381500,nan,3178.090,927.653,-5340.076,-1311.916
1382000,nan,3219.325,948.807,-5350.905,-1329.365
1382500,nan,3200.073,1075.707,-5381.099,-1328.075
1383000,nan,3207.950,970.536,-5347.533,-1324.824
1383500,nan,3197.182,923.634,-5317.523,-1307.477
1384000,nan,3070.522,860.165,-5185.507,-1236.482
1384500,nan,3114.030,858.349,-5171.426,-1247.708
1385000,nan,3151.891,838.886,-5248.241,-1274.498
1385500,nan,3178.482,1010.369,-5330.714,-1298.121
1386000,nan,3181.540,961.209,-5325.794,-1298.741
1386500,nan,3143.216,929.043,-5269.902,-1291.473
1387000,nan,3128.756,894.423,-5220.542,-1272.484
1387500,nan,3148.544,881.519,-5297.488,-1297.368
1388000,nan,3139.596,883.454,-5233.134,-1284.789
1388500,nan,3099.701,897.458,-5242.966,-1279.181
1389000,nan,3184.829,883.556,-5243.265,-1302.434
1389500,nan,3098.807,874.720,-5162.304,-1272.179
1390000,nan,3193.372,899.243,-5239.024,-1320.496
1390500,nan,3238.020,983.108,-5280.453,-1326.235
1391000,nan,3200.517,899.126,-5280.449,-1316.851
1391500,nan,3174.716,956.559,-5207.632,-1295.627
1392000,nan,3182.412,840.730,-5214.296,-1301.004
1392500,nan,3187.302,903.232,-5270.004,-1321.149
1393000,nan,3208.896,891.887,-5182.046,-1303.020
1393500,nan,3180.210,780.589,-5158.125,-1304.199
1394000,nan,3143.774,823.232,-5158.908,-1276.454
1394500,nan,3204.081,944.692,-5208.168,-1318.093
1395000,nan,3165.863,849.155,-5172.126,-1266.289
1395500,nan,3133.598,894.151,-5124.627,-1275.816
1396000,nan,3142.525,895.207,-5248.456,-1306.872
1396500,nan,3166.965,852.517,-5184.848,-1286.287
1397000,nan,3155.761,936.213,-5189.274,-1256.259
1397500,nan,3151.057,974.980,-5278.614,-1281.761
1398000,nan,3145.036,981.733,-5283.741,-1285.319
1398500,nan,3155.260,940.846,-5273.469,-1290.233
1399000,nan,3165.431,868.398,-5225.319,-1285.703
1399500,nan,3159.571,922.412,-5198.821,-1294.595
1400000,nan,3126.156,934.284,-5184.449,-1283.122
1400500,nan,3113.008,902.852,-5291.202,-1294.503
1401000,nan,3212.909,884.345,-5329.331,-1297.994
1401500,nan,3192.404,948.922,-5316.998,-1295.708
1402000,nan,3170.367,955.013,-5349.660,-1321.420
1402500,nan,3161.431,1020.278,-5304.707,-1343.717
1403000,nan,3204.692,964.179,-5218.343,-1343.618
1403500,nan,3164.563,934.620,-5233.475,-1310.362
1404000,nan,3174.507,984.888,-5229.711,-1327.861
1404500,nan,3207.492,861.986,-5243.631,-1315.885
1405000,nan,3175.322,901.597,-5236.933,-1308.681
1405500,nan,3237.169,898.617,-5188.281,-1333.009
1406000,nan,3146.881,912.808,-5216.004,-1322.107
1406500,nan,3193.459,1000.966,-5304.251,-1336.581
1407000,nan,3240.776,1029.553,-5410.238,-1359.388
1407500,nan,3195.712,977.464,-5357.635,-1332.117
1408000,nan,3193.945,857.970,-5218.752,-1320.262
1408500,nan,3215.124,816.137,-5109.486,-1301.040
1409000,nan,3205.876,944.695,-5213.732,-1325.468
1409500,nan,3174.448,1003.694,-5324.211,-1337.287
1410000,nan,3101.466,946.617,-5194.292,-1300.800
1410500,nan,3115.644,850.688,-5187.301,-1302.961
1411000,nan,3179.215,877.178,-5265.890,-1340.369
1411500,nan,3221.505,1020.130,-5367.333,-1366.525
1412000,nan,3175.897,1012.165,-5349.092,-1357.792
1412500,nan,3117.898,945.061,-5263.917,-1332.041
1413000,nan,3082.495,821.953,-5150.011,-1280.636
1413500,nan,3148.349,829.921,-5208.936,-1328.253
1414000,nan,3207.770,994.788,-5265.620,-1353.919
1414500,nan,3191.786,1012.968,-5270.276,-1328.691
1415000,nan,3207.122,986.929,-5296.056,-1332.492
1415500,nan,3171.954,1016.180,-5307.460,-1287.887
1416000,nan,3169.780,870.680,-5180.754,-1298.389
1416500,nan,3174.909,851.923,-5170.413,-1289.208
1417000,nan,3148.081,869.110,-5195.896,-1275.762
1417500,nan,3116.629,868.318,-5266.632,-1274.589
1418000,nan,3144.598,964.299,-5268.779,-1299.273
1418500,nan,3177.508,871.139,-5227.387,-1305.963
1419000,nan,3152.610,883.906,-5224.298,-1303.974
1419500,nan,3151.447,944.632,-5232.908,-1302.976
1420000,nan,3150.643,888.316,-5278.622,-1312.732
1420500,nan,3152.189,940.797,-5279.007,-1306.221
1421000,nan,3142.775,941.751,-5322.552,-1307.810
1421500,nan,3160.730,895.912,-5285.453,-1325.915
1422000,nan,3112.757,896.109,-5298.575,-1280.026
1422500,nan,3134.238,923.934,-5205.837,-1266.710
1423000,nan,3196.818,995.839,-5415.268,-1325.106
1423500,nan,3152.719,984.319,-5374.836,-1312.398
1424000,nan,3202.630,947.577,-5348.585,-1295.954
1424500,nan,3150.923,878.773,-5190.598,-1257.930
1425000,nan,3117.213,901.130,-5184.492,-1236.392
1425500,nan,3144.425,863.276,-5236.461,-1248.868
1426000,nan,3126.576,1002.284,-5330.917,-1247.574
1426500,nan,3119.865,1044.095,-5284.046,-1265.302
1427000,nan,3115.185,1007.700,-5366.335,-1309.307
1427500,nan,3154.344,970.065,-5347.455,-1297.935
1428000,nan,3086.085,897.771,-5245.880,-1256.020
1428500,nan,3135.731,848.357,-5185.499,-1261.188
1429000,nan,3148.477,949.561,-5288.403,-1288.351
1429500,nan,3138.559,900.532,-5309.745,-1308.398
1430000,nan,3093.204,1020.693,-5362.284,-1299.496
1430500,nan,3108.407,928.282,-5289.488,-1282.668
1431000,nan,3136.576,883.288,-5198.594,-1255.500
1431500,nan,3138.486,831.659,-5182.319,-1276.930
1432000,nan,3129.222,842.463,-5135.182,-1260.999
1432500,nan,3124.591,818.889,-5186.910,-1263.931
1433000,nan,3157.141,954.441,-5243.947,-1295.171
1433500,nan,3140.639,1042.635,-5355.577,-1300.216
1434000,nan,3143.895,923.700,-5268.291,-1270.165
1434500,nan,3103.977,1022.197,-5265.400,-1295.619
1435000,nan,3190.632,884.595,-5224.939,-1293.700
1435500,nan,3149.450,874.494,-5206.802,-1275.499
1436000,nan,3127.492,874.253,-5257.137,-1281.217
1436500,nan,3209.950,893.830,-5295.924,-1312.626
1437000,nan,3131.188,888.527,-5236.629,-1273.745
1437500,nan,3170.971,878.183,-5290.051,-1316.051
1438000,nan,3134.371,913.823,-5253.618,-1281.232
1438500,nan,3220.876,1016.192,-5256.279,-1321.216
1439000,nan,3229.325,949.680,-5285.107,-1313.375
1439500,nan,3237.213,939.884,-5260.703,-1339.379
1440000,nan,3173.178,913.157,-5252.234,-1341.039
1440500,nan,3181.223,885.217,-5219.632,-1325.623
1441000,nan,3208.686,917.972,-5224.418,-1318.958
1441500,nan,3192.623,946.503,-5294.127,-1317.458
1442000,nan,3095.156,981.430,-5250.146,-1262.684
1442500,nan,3095.290,861.295,-5179.043,-1248.515
1443000,nan,3202.563,928.418,-5192.411,-1299.878
1443500,nan,3159.191,861.996,-5211.150,-1265.587
1444000,nan,3200.001,911.328,-5226.917,-1278.175
1444500,nan,3178.666,935.365,-5223.930,-1282.902
1445000,nan,3153.972,969.919,-5199.185,-1289.709
1445500,nan,3170.630,943.971,-5258.063,-1298.228
1446000,nan,3145.121,872.537,-5248.864,-1282.391
1446500,nan,3134.865,936.603,-5276.873,-1256.547
1447000,nan,3129.387,928.711,-5232.121,-1241.961
1447500,nan,3145.347,845.093,-5207.749,-1269.343
1448000,nan,3172.387,950.570,-5231.231,-1263.611
1448500,nan,3172.723,1034.655,-5292.459,-1297.916
1449000,nan,3095.781,895.185,-5294.470,-1282.160
1449500,nan,3106.210,862.639,-5181.222,-1269.459
1450000,nan,3108.941,853.838,-5201.791,-1265.778
1450500,nan,3135.280,901.562,-5289.451,-1304.713
1451000,nan,3185.117,942.014,-5319.556,-1329.346
1451500,nan,3219.513,923.448,-5240.740,-1356.951
1452000,nan,3166.634,853.243,-5244.293,-1317.699
1452500,nan,3205.599,872.471,-5261.740,-1319.109
1453000,nan,3201.832,861.949,-5204.779,-1308.778
1453500,nan,3202.716,960.225,-5318.110,-1340.651
1454000,nan,3210.114,956.344,-5321.712,-1364.304
1454500,nan,3210.795,968.108,-5293.970,-1349.050
1455000,nan,3240.032,934.007,-5229.579,-1340.654
1455500,nan,3196.151,944.588,-5258.170,-1329.234
1456000,nan,3190.140,1020.271,-5329.717,-1323.305
1456500,nan,3184.833,938.099,-5356.087,-1301.121
1457000,nan,3208.176,905.736,-5304.113,-1324.346
1457500,nan,3191.464,960.460,-5289.681,-1342.458
1458000,nan,3192.229,958.405,-5273.964,-1340.690
1458500,nan,3199.610,998.260,-5320.650,-1317.632
1459000,nan,3184.632,922.075,-5257.204,-1319.113
1459500,nan,3165.589,922.794,-5219.805,-1287.523
1460000,nan,3124.126,916.897,-5164.635,-1281.822
1460500,nan,3126.085,916.186,-5191.585,-1292.200
1461000,nan,3154.223,920.442,-5285.006,-1307.737
1461500,nan,3184.938,972.890,-5342.965,-1311.633
1462000,nan,3137.252,955.551,-5270.738,-1298.894
1462500,nan,3174.713,891.578,-5215.350,-1304.327
1463000,nan,3132.162,833.659,-5152.622,-1276.952
1463500,nan,3172.090,881.656,-5184.916,-1301.932
1464000,nan,3193.211,894.272,-5183.733,-1300.155
1464500,nan,3173.065,881.831,-5216.106,-1284.636
1465000,nan,3198.526,878.585,-5264.159,-1315.058
1465500,nan,3205.861,917.090,-5228.813,-1321.257
1466000,nan,3184.244,900.504,-5274.407,-1310.857
1466500,nan,3170.137,892.602,-5265.307,-1313.496
1467000,nan,3173.829,868.644,-5204.580,-1303.028
1467500,nan,3176.196,1009.065,-5329.740,-1315.829
1468000,nan,3134.455,998.818,-5253.293,-1279.979
1468500,nan,3191.677,883.347,-5216.714,-1290.469
1469000,nan,3189.511,938.184,-5220.565,-1271.856
1469500,nan,3136.183,844.412,-5168.694,-1273.815
1470000,nan,3190.458,875.005,-5221.014,-1276.306
1470500,nan,3178.381,898.186,-5298.062,-1304.537
1471000,nan,3185.929,907.601,-5233.688,-1283.159
1471500,nan,3158.860,851.573,-5186.044,-1279.525
1472000,nan,3160.771,948.010,-5245.979,-1296.800
1472500,nan,3114.020,823.591,-5203.648,-1274.375
1473000,nan,3142.119,931.135,-5269.756,-1294.097
1473500,nan,3092.663,938.532,-5339.388,-1299.619
1474000,nan,3149.352,960.253,-5393.955,-1330.402
1474500,nan,3151.918,908.335,-5356.738,-1317.265
1475000,nan,3153.435,836.568,-5280.023,-1272.037
1475500,nan,3148.456,846.072,-5189.373,-1278.457
1476000,nan,3137.625,971.144,-5195.648,-1307.054
1476500,nan,3124.449,915.339,-5226.562,-1270.619
1477000,nan,3186.367,925.881,-5313.813,-1305.496
1477500,nan,3159.166,962.146,-5321.233,-1294.609
1478000,nan,3181.767,920.478,-5259.254,-1301.628
1478500,nan,3206.592,887.621,-5220.856,-1320.814
1479000,nan,3155.447,907.969,-5250.071,-1311.573
1479500,nan,3083.319,830.500,-5213.764,-1278.973
1480000,nan,3132.117,913.833,-5278.034,-1273.843
1480500,nan,3225.566,997.662,-5377.418,-1289.464
1481000,nan,3204.532,923.321,-5289.486,-1285.921
1481500,nan,3122.404,909.671,-5158.970,-1257.094
1482000,nan,3169.565,897.646,-5144.622,-1273.162
1482500,nan,3116.741,857.586,-5140.428,-1232.469
1483000,nan,3135.240,919.268,-5245.326,-1259.315
1483500,nan,3118.808,1004.623,-5292.549,-1262.836
1484000,nan,3136.142,946.461,-5257.279,-1250.550
1484500,nan,3112.238,875.497,-5234.293,-1257.525
1485000,nan,3133.763,874.449,-5190.350,-1272.523
1485500,nan,3097.877,844.240,-5151.636,-1249.772
1486000,nan,3110.151,898.002,-5159.220,-1230.956
1486500,nan,3120.622,930.001,-5275.831,-1262.629
1487000,nan,3135.106,896.035,-5340.607,-1285.133
1487500,nan,3114.315,976.235,-5277.314,-1253.328
1488000,nan,3169.033,945.554,-5282.439,-1273.100
1488500,nan,3143.228,940.083,-5233.003,-1277.666
1489000,nan,3187.538,920.985,-5227.768,-1291.423
1489500,nan,3178.523,884.434,-5212.885,-1299.060
1490000,nan,3187.482,851.489,-5174.506,-1297.617
1490500,nan,3141.132,992.361,-5249.713,-1295.647
1491000,nan,3175.719,971.187,-5283.512,-1293.530
1491500,nan,3150.659,894.859,-5177.177,-1262.422
1492000,nan,3174.319,907.177,-5192.812,-1279.178
1492500,nan,3172.075,957.483,-5247.044,-1300.005
1493000,nan,3146.748,917.900,-5291.430,-1294.295
1493500,nan,3207.429,942.117,-5258.368,-1285.193
1494000,nan,3197.263,969.741,-5326.126,-1319.849
1494500,nan,3277.630,966.020,-5324.357,-1350.738
1495000,nan,3244.179,878.632,-5202.575,-1329.047
1495500,nan,3153.184,752.196,-5107.337,-1275.554
1496000,nan,3239.186,840.719,-5247.045,-1315.285
1496500,nan,3226.552,866.344,-5186.382,-1294.026
1497000,nan,3199.048,913.158,-5172.976,-1304.681
1497500,nan,3169.207,841.325,-5106.187,-1285.462
1498000,nan,3167.198,922.234,-5156.582,-1322.130
1498500,nan,3211.366,989.843,-5285.551,-1330.985
1499000,nan,3204.449,987.296,-5297.718,-1311.616
1499500,nan,3177.861,928.227,-5269.494,-1315.503
1500000,nan,3226.612,929.158,-5294.832,-1332.425
1500500,nan,3207.715,859.364,-5288.222,-1310.521
1501000,nan,3232.120,946.183,-5244.524,-1335.706
1501500,nan,3137.144,936.582,-5276.521,-1298.792
1502000,nan,3154.982,935.373,-5213.942,-1311.805
1502500,nan,3148.282,898.608,-5195.300,-1279.124
1503000,nan,3238.724,960.873,-5328.178,-1357.092
1503500,nan,3187.437,948.486,-5252.573,-1332.313
1504000,nan,3179.450,994.352,-5303.352,-1349.818
1504500,nan,3148.845,1005.797,-5360.150,-1331.151
1505000,nan,3121.357,963.550,-5342.619,-1300.808
1505500,nan,3177.806,983.310,-5317.785,-1313.365
1506000,nan,3215.312,919.803,-5293.393,-1315.338
1506500,nan,3190.975,911.329,-5198.764,-1305.970
1507000,nan,3207.655,882.463,-5128.644,-1305.275
1507500,nan,3204.071,918.847,-5194.392,-1309.981
1508000,nan,3172.425,932.341,-5299.417,-1307.244
1508500,nan,3184.332,897.752,-5294.244,-1313.057
1509000,nan,3159.889,874.499,-5171.411,-1296.853
1509500,nan,3142.903,922.709,-5170.738,-1259.527
1510000,nan,3134.692,934.382,-5232.410,-1279.653
1510500,nan,3140.912,947.488,-5189.940,-1277.640
1511000,nan,3192.393,1012.227,-5274.895,-1299.903
1511500,nan,3204.888,915.416,-5282.359,-1299.641
1512000,nan,3102.568,992.991,-5286.659,-1264.279
1512500,nan,3120.647,926.134,-5172.121,-1258.277
1513000,nan,3072.640,854.353,-5120.620,-1235.431
1513500,nan,3190.528,871.643,-5182.537,-1285.138
1514000,nan,3219.599,842.508,-5301.314,-1316.307
1514500,nan,3178.831,919.891,-5310.221,-1293.155
1515000,nan,3212.668,1087.947,-5407.124,-1324.860
1515500,nan,3164.308,975.550,-5335.347,-1304.185
1516000,nan,3190.671,972.956,-5386.393,-1285.684
1516500,nan,3181.250,894.612,-5314.130,-1298.921
1517000,nan,3151.473,894.519,-5238.537,-1288.448
1517500,nan,3190.571,891.637,-5206.512,-1272.541
1518000,nan,3133.748,903.033,-5153.922,-1263.697
1518500,nan,3144.753,820.978,-5225.977,-1292.378
1519000,nan,3101.851,892.938,-5329.818,-1269.395
1519500,nan,3173.157,837.778,-5281.988,-1310.047
1520000,nan,3115.918,891.036,-5229.816,-1267.810
1520500,nan,3104.410,814.229,-5220.609,-1276.412
1521000,nan,3203.949,849.370,-5271.141,-1287.449
1521500,nan,3112.304,836.435,-5241.987,-1242.508
1522000,nan,3080.804,853.759,-5201.516,-1256.914
1522500,nan,3128.886,851.747,-5154.147,-1245.293
1523000,nan,3123.918,909.969,-5223.893,-1239.440
1523500,nan,3132.652,981.001,-5301.049,-1262.609
1524000,nan,3140.798,986.549,-5385.343,-1298.475
1524500,nan,3115.602,930.600,-5328.519,-1276.722
1525000,nan,3155.807,944.448,-5323.824,-1293.801
1525500,nan,3195.901,940.009,-5229.331,-1295.108
1526000,nan,3108.684,823.176,-5159.857,-1281.984
1526500,nan,3138.963,931.723,-5212.932,-1298.330
1527000,nan,3090.136,867.969,-5213.910,-1266.772
1527500,nan,3144.145,912.430,-5252.976,-1283.615
1528000,nan,3070.867,912.780,-5238.038,-1270.432
1528500,nan,3137.586,976.776,-5266.614,-1276.272
1529000,nan,3120.618,862.339,-5263.525,-1253.387
1529500,nan,3132.374,871.058,-5192.454,-1253.051
1530000,nan,3170.472,877.478,-5223.928,-1280.494
1530500,nan,3086.725,866.112,-5202.748,-1235.934
1531000,nan,3224.115,863.408,-5245.058,-1263.251
1531500,nan,3127.541,895.261,-5231.985,-1264.940
1532000,nan,3122.679,949.246,-5296.167,-1269.748
1532500,nan,3121.048,928.380,-5220.462,-1263.411
1533000,nan,3112.993,880.303,-5167.773,-1250.708
1533500,nan,3122.056,815.664,-5150.276,-1272.722
1534000,nan,3047.427,798.273,-5108.043,-1232.586
1534500,nan,3081.379,905.241,-5212.357,-1264.824
1535000,nan,3184.060,955.567,-5358.397,-1291.352
1535500,nan,3174.375,1040.310,-5313.845,-1277.274
1536000,nan,3173.532,903.512,-5173.937,-1248.020
1536500,nan,3187.770,867.468,-5152.524,-1280.069
1537000,nan,3142.691,867.303,-5178.962,-1272.534
1537500,nan,3170.979,865.192,-5224.950,-1277.013
1538000,nan,3194.784,920.776,-5297.372,-1319.551
1538500,nan,3193.618,986.936,-5279.048,-1331.158
1539000,nan,3202.726,933.050,-5238.397,-1320.327
1539500,nan,3142.644,896.542,-5171.968,-1272.496
1540000,nan,3110.181,913.069,-5213.053,-1256.492
1540500,nan,3134.826,866.727,-5203.099,-1266.429
1541000,nan,3170.191,913.348,-5322.261,-1292.241
1541500,nan,3100.900,946.835,-5347.183,-1281.748
1542000,nan,3134.130,924.475,-5303.919,-1278.995
1542500,nan,3092.968,865.501,-5274.065,-1248.448
1543000,nan,3160.890,932.337,-5254.885,-1277.623
1543500,nan,3152.960,917.017,-5188.876,-1265.753
1544000,nan,3174.892,912.892,-5196.961,-1275.371
1544500,nan,3119.261,820.122,-5087.706,-1274.751
1545000,nan,3182.129,908.562,-5223.131,-1296.036
1545500,nan,3172.321,1001.945,-5292.430,-1298.797
1546000,nan,3220.567,1000.447,-5223.957,-1307.150
1546500,nan,3184.513,906.717,-5234.631,-1294.670
1547000,nan,3153.815,875.492,-5233.202,-1293.572
1547500,nan,3159.213,851.085,-5289.486,-1297.830
1548000,nan,3160.761,911.344,-5223.947,-1302.308
1548500,nan,3182.228,972.830,-5313.514,-1312.597
1549000,nan,3203.218,1048.962,-5382.891,-1332.939
1549500,nan,3191.728,1027.088,-5261.792,-1320.168
1550000,nan,3156.341,947.350,-5211.327,-1276.987
1550500,nan,3199.628,983.597,-5281.492,-1298.783
1551000,nan,3205.639,967.442,-5311.889,-1300.852
1551500,nan,3201.894,921.913,-5300.202,-1300.781
1552000,nan,3149.691,886.419,-5246.288,-1252.580
1552500,nan,3151.038,884.489,-5238.856,-1256.631
1553000,nan,3100.084,876.231,-5203.992,-1271.569
1553500,nan,3133.670,780.326,-5155.223,-1264.972
1554000,nan,3170.836,959.830,-5232.547,-1298.155
1554500,nan,3181.562,911.379,-5288.692,-1299.209
1555000,nan,3143.905,905.077,-5314.395,-1274.737
1555500,nan,3152.397,937.455,-5318.964,-1284.771
1556000,nan,3158.471,923.052,-5287.864,-1267.176
1556500,nan,3172.674,904.196,-5256.105,-1270.435
1557000,nan,3188.660,968.935,-5330.758,-1309.210
1557500,nan,3155.450,1035.739,-5360.740,-1298.536
1558000,nan,3179.322,914.221,-5277.650,-1313.949
1558500,nan,3175.074,976.481,-5321.896,-1289.605
1559000,nan,3201.563,942.024,-5262.293,-1283.134
1559500,nan,3229.629,976.068,-5314.026,-1296.849
1560000,nan,3188.168,1066.214,-5322.704,-1298.792
1560500,nan,3245.689,1007.443,-5296.663,-1324.446
1561000,nan,3225.883,1087.260,-5324.070,-1313.094
1561500,nan,3199.805,1008.925,-5309.738,-1285.929
1562000,nan,3219.782,1077.246,-5332.239,-1296.877
1562500,nan,3227.146,998.449,-5323.857,-1291.528
1563000,nan,3204.546,868.924,-5241.427,-1287.800
1563500,nan,3280.712,900.713,-5274.590,-1323.496
1564000,nan,3186.597,939.752,-5227.793,-1320.550
1564500,nan,3163.605,952.530,-5300.225,-1332.609
1565000,nan,3152.828,923.783,-5242.618,-1295.574
1565500,nan,3190.938,903.031,-5194.972,-1309.557
1566000,nan,3191.886,958.800,-5274.528,-1305.806
1566500,nan,3258.953,933.961,-5280.898,-1320.866
1567000,nan,3225.353,955.697,-5236.355,-1314.293
1567500,nan,3137.638,851.884,-5197.623,-1299.270
1568000,nan,3165.814,857.491,-5194.279,-1274.359
1568500,nan,3228.306,975.901,-5301.926,-1309.366
1569000,nan,3172.671,865.798,-5221.183,-1256.043
1569500,nan,3157.772,909.116,-5228.702,-1288.036
1570000,nan,3148.229,989.318,-5189.766,-1297.651
1570500,nan,3179.008,880.134,-5207.941,-1282.815
1571000,nan,3123.043,869.077,-5148.135,-1258.033
1571500,nan,3187.462,863.621,-5179.452,-1261.301
1572000,nan,3200.623,923.461,-5272.633,-1279.416
1572500,nan,3187.468,939.684,-5292.722,-1281.654
1573000,nan,3188.726,969.607,-5344.100,-1298.994
1573500,nan,3135.139,868.216,-5194.300,-1260.968
1574000,nan,3156.110,922.861,-5178.012,-1291.523
1574500,nan,3183.661,850.232,-5147.306,-1263.714
1575000,nan,3119.152,914.380,-5222.211,-1271.957
1575500,nan,3115.555,890.263,-5283.166,-1270.704
1576000,nan,3143.344,898.115,-5252.349,-1294.487
1576500,nan,3190.185,876.577,-5218.561,-1304.976
1577000,nan,3159.438,857.557,-5124.015,-1282.120
1577500,nan,3210.058,867.857,-5212.997,-1303.715
1578000,nan,3159.162,928.959,-5191.724,-1304.552
1578500,nan,3185.322,904.517,-5225.070,-1304.279
1579000,nan,3207.718,1006.134,-5320.778,-1328.847
1579500,nan,3174.209,897.348,-5269.648,-1307.125
1580000,nan,3126.132,876.213,-5133.167,-1265.535
1580500,nan,3089.976,790.039,-5168.846,-1260.128
1581000,nan,3164.054,924.949,-5261.292,-1327.039
1581500,nan,3203.864,923.831,-5283.590,-1326.897
1582000,nan,3225.386,1005.168,-5284.439,-1340.080
1582500,nan,3175.080,966.078,-5284.111,-1327.845
1583000,nan,3166.164,934.597,-5258.756,-1302.788
1583500,nan,3198.521,935.330,-5307.774,-1348.426
1584000,nan,3188.894,943.549,-5277.800,-1313.113
1584500,nan,3144.214,909.669,-5183.015,-1267.441
1585000,nan,3163.328,866.673,-5197.457,-1263.349
1585500,nan,3179.951,922.772,-5228.801,-1302.546
1586000,nan,3189.789,932.617,-5211.806,-1315.629
1586500,nan,3215.016,970.505,-5229.934,-1304.067
1587000,nan,3204.471,1059.113,-5349.756,-1324.107
1587500,nan,3206.602,1041.786,-5359.113,-1349.596
1588000,nan,3209.343,999.225,-5285.748,-1345.908
1588500,nan,3133.452,910.926,-5215.579,-1310.364
1589000,nan,3159.010,1024.212,-5298.740,-1337.047
1589500,nan,3257.694,1093.440,-5403.707,-1346.942
1590000,nan,3179.698,916.036,-5280.217,-1307.919
1590500,nan,3162.053,840.935,-5196.723,-1298.630
1591000,nan,3113.529,876.639,-5169.472,-1290.675
1591500,nan,3200.595,907.045,-5208.465,-1300.095
1592000,nan,3144.689,872.750,-5217.365,-1305.379
1592500,nan,3116.368,980.301,-5219.002,-1295.156
1593000,nan,3081.322,884.281,-5155.510,-1246.418
1593500,nan,3121.759,938.658,-5243.376,-1284.732
1594000,nan,3157.541,916.100,-5257.603,-1275.693
1594500,nan,3169.262,914.083,-5348.262,-1269.893
1595000,nan,3179.389,936.574,-5317.510,-1289.674
1595500,nan,3108.506,809.063,-5203.669,-1246.176
1596000,nan,3096.825,927.342,-5196.290,-1246.206
1596500,nan,3150.639,861.065,-5244.408,-1264.573
1597000,nan,3135.885,1012.727,-5226.496,-1288.728
1597500,nan,3108.090,892.003,-5225.327,-1274.265
1598000,nan,3117.535,925.572,-5198.856,-1271.977
1598500,nan,3132.670,889.408,-5276.216,-1271.339
1599000,nan,3165.066,944.902,-5352.098,-1285.587
1599500,nan,3117.791,921.160,-5273.538,-1259.546
1600000,nan,3098.089,911.023,-5216.067,-1271.395
