#Step,RG,Etotal,Epot,Ekin,Temperature

600500,7.778,21.287,19.780,1.508,1.005
601000,7.740,21.275,19.752,1.523,1.015
601500,7.768,21.268,19.765,1.503,1.002
602000,7.756,21.311,19.800,1.511,1.007
602500,7.758,21.283,19.798,1.486,0.990
603000,7.771,21.310,19.801,1.509,1.006
603500,7.785,21.316,19.780,1.536,1.024
604000,7.819,21.252,19.762,1.490,0.993
604500,7.813,21.280,19.758,1.522,1.015
605000,7.810,21.267,19.803,1.465,0.976
605500,7.815,21.304,19.774,1.530,1.020
606000,7.847,21.354,19.845,1.509,1.006
606500,7.855,21.310,19.798,1.513,1.008
607000,7.833,21.317,19.792,1.525,1.017
607500,7.831,21.290,19.773,1.517,1.011
608000,7.858,21.274,19.773,1.501,1.000
608500,7.857,21.279,19.794,1.485,0.990
609000,7.850,21.281,19.775,1.506,1.004
609500,7.826,21.289,19.784,1.505,1.003
610000,7.799,21.269,19.774,1.495,0.996
610500,7.827,21.267,19.775,1.492,0.994
611000,7.877,21.275,19.756,1.519,1.012
611500,7.911,21.246,19.790,1.456,0.971
612000,7.895,21.268,19.787,1.481,0.987
612500,7.866,21.270,19.764,1.507,1.004
613000,7.853,21.265,19.749,1.516,1.010
613500,7.804,21.289,19.718,1.570,1.047
614000,7.794,21.288,19.763,1.525,1.017
614500,7.820,21.300,19.780,1.520,1.013
615000,7.802,21.292,19.811,1.481,0.987
615500,7.791,21.292,19.803,1.490,0.993
616000,7.776,21.312,19.785,1.528,1.018
616500,7.773,21.302,19.778,1.524,1.016
617000,7.784,21.284,19.785,1.499,0.999
617500,7.795,21.213,19.713,1.500,1.000
618000,7.798,21.203,19.732,1.471,0.981
618500,7.786,21.210,19.735,1.475,0.984
619000,7.777,21.232,19.729,1.502,1.002
619500,7.801,21.262,19.749,1.513,1.009
620000,7.849,21.214,19.718,1.496,0.997
620500,7.901,21.257,19.777,1.480,0.986
621000,7.912,21.289,19.780,1.508,1.006
621500,7.924,21.320,19.782,1.538,1.025
622000,7.889,21.298,19.784,1.514,1.009
622500,7.838,21.248,19.774,1.474,0.983
623000,7.868,21.213,19.729,1.484,0.989
623500,7.876,21.264,19.772,1.492,0.994
624000,7.843,21.270,19.760,1.510,1.007
624500,7.813,21.275,19.791,1.484,0.989
625000,7.763,21.274,19.747,1.527,1.018
625500,7.761,21.256,19.770,1.486,0.991
626000,7.762,21.226,19.737,1.489,0.993
626500,7.758,21.244,19.741,1.503,1.002
627000,7.741,21.272,19.749,1.523,1.015
627500,7.798,21.284,19.736,1.547,1.032
628000,7.833,21.251,19.781,1.471,0.980
628500,7.819,21.297,19.767,1.530,1.020
629000,7.805,21.330,19.835,1.495,0.997
629500,7.807,21.298,19.800,1.498,0.999
630000,7.824,21.280,19.786,1.495,0.996
630500,7.810,21.380,19.834,1.546,1.031
631000,7.824,21.320,19.790,1.530,1.020
631500,7.837,21.313,19.770,1.543,1.028
632000,7.776,21.282,19.795,1.487,0.991
632500,7.720,21.258,19.746,1.512,1.008
633000,7.681,21.303,19.775,1.529,1.019
633500,7.733,21.261,19.740,1.522,1.014
634000,7.779,21.231,19.789,1.442,0.961
634500,7.765,21.219,19.723,1.496,0.997
635000,7.740,21.230,19.764,1.466,0.977
635500,7.752,21.236,19.792,1.445,0.963
636000,7.742,21.216,19.727,1.489,0.992
636500,7.738,21.221,19.743,1.477,0.985
637000,7.720,21.236,19.760,1.476,0.984
637500,7.726,21.205,19.746,1.460,0.973
638000,7.718,21.218,19.726,1.492,0.995
638500,7.725,21.224,19.722,1.502,1.001
639000,7.703,21.207,19.713,1.494,0.996
639500,7.696,21.192,19.704,1.489,0.992
640000,7.697,21.250,19.743,1.507,1.005
640500,7.734,21.254,19.772,1.483,0.988
641000,7.755,21.257,19.775,1.481,0.988
641500,7.743,21.265,19.758,1.507,1.005
642000,7.737,21.285,19.753,1.532,1.021
642500,7.771,21.281,19.770,1.511,1.007
643000,7.779,21.275,19.786,1.489,0.993
643500,7.739,21.264,19.747,1.518,1.012
644000,7.738,21.316,19.800,1.516,1.010
644500,7.746,21.271,19.753,1.518,1.012
645000,7.763,21.289,19.797,1.492,0.994
645500,7.752,21.291,19.798,1.492,0.995
646000,7.711,21.252,19.756,1.496,0.997
646500,7.708,21.249,19.745,1.505,1.003
647000,7.742,21.258,19.722,1.536,1.024
647500,7.749,21.281,19.799,1.482,0.988
648000,7.739,21.292,19.773,1.519,1.013
648500,7.788,21.269,19.784,1.485,0.990
649000,7.748,21.303,19.777,1.527,1.018
649500,7.731,21.297,19.762,1.535,1.024
650000,7.747,21.351,19.797,1.554,1.036
650500,7.802,21.296,19.786,1.509,1.006
651000,7.806,21.282,19.796,1.486,0.991
651500,7.777,21.268,19.793,1.474,0.983
652000,7.768,21.258,19.765,1.493,0.995
652500,7.786,21.274,19.793,1.481,0.987
653000,7.797,21.303,19.796,1.507,1.005
653500,7.769,21.286,19.771,1.515,1.010
654000,7.754,21.284,19.792,1.493,0.995
654500,7.763,21.251,19.752,1.499,0.999
655000,7.765,21.267,19.768,1.498,0.999
655500,7.766,21.291,19.776,1.515,1.010
656000,7.800,21.266,19.805,1.461,0.974
656500,7.824,21.283,19.777,1.505,1.004
657000,7.807,21.271,19.774,1.498,0.998
657500,7.760,21.270,19.764,1.505,1.004
658000,7.761,21.255,19.761,1.494,0.996
658500,7.792,21.246,19.780,1.466,0.977
659000,7.788,21.226,19.776,1.450,0.966
659500,7.775,21.255,19.775,1.480,0.987
660000,7.715,21.250,19.741,1.509,1.006
660500,7.730,21.285,19.777,1.508,1.006
661000,7.738,21.269,19.774,1.495,0.997
661500,7.714,21.233,19.754,1.479,0.986
662000,7.725,21.222,19.714,1.508,1.005
662500,7.763,21.232,19.726,1.506,1.004
663000,7.808,21.269,19.768,1.501,1.000
663500,7.799,21.259,19.754,1.506,1.004
664000,7.787,21.284,19.769,1.515,1.010
664500,7.751,21.287,19.766,1.520,1.014
665000,7.723,21.276,19.771,1.506,1.004
665500,7.741,21.314,19.775,1.539,1.026
666000,7.768,21.280,19.809,1.471,0.981
666500,7.752,21.305,19.798,1.507,1.005
667000,7.756,21.278,19.785,1.494,0.996
667500,7.778,21.263,19.758,1.505,1.003
668000,7.766,21.257,19.787,1.470,0.980
668500,7.736,21.272,19.776,1.496,0.997
669000,7.731,21.284,19.758,1.526,1.017
669500,7.727,21.292,19.764,1.529,1.019
670000,7.709,21.273,19.769,1.504,1.003
670500,7.722,21.281,19.751,1.530,1.020
671000,7.734,21.243,19.757,1.486,0.991
671500,7.765,21.340,19.807,1.533,1.022
672000,7.812,21.330,19.847,1.483,0.989
672500,7.816,21.339,19.802,1.537,1.025
673000,7.801,21.291,19.786,1.505,1.003
673500,7.771,21.272,19.773,1.499,0.999
674000,7.770,21.265,19.788,1.477,0.984
674500,7.774,21.285,19.772,1.512,1.008
675000,7.774,21.265,19.758,1.507,1.005
675500,7.774,21.307,19.810,1.497,0.998
676000,7.766,21.354,19.813,1.541,1.028
676500,7.801,21.286,19.782,1.504,1.003
677000,7.771,21.270,19.787,1.483,0.988
677500,7.756,21.295,19.788,1.507,1.005
678000,7.735,21.282,19.747,1.535,1.023
678500,7.717,21.244,19.777,1.467,0.978
679000,7.701,21.221,19.756,1.465,0.977
679500,7.704,21.232,19.764,1.469,0.979
680000,7.695,21.252,19.748,1.504,1.003
680500,7.696,21.231,19.762,1.469,0.980
681000,7.727,21.211,19.777,1.434,0.956
681500,7.725,21.229,19.739,1.489,0.993
682000,7.740,21.220,19.793,1.428,0.952
682500,7.725,21.280,19.741,1.539,1.026
683000,7.723,21.266,19.779,1.487,0.991
683500,7.714,21.263,19.751,1.513,1.008
684000,7.734,21.225,19.752,1.474,0.982
684500,7.756,21.265,19.769,1.496,0.997
685000,7.765,21.250,19.768,1.482,0.988
685500,7.775,21.291,19.780,1.512,1.008
686000,7.765,21.263,19.741,1.522,1.014
686500,7.775,21.285,19.763,1.523,1.015
687000,7.807,21.258,19.767,1.491,0.994
687500,7.843,21.280,19.800,1.480,0.987
688000,7.851,21.277,19.768,1.509,1.006
688500,7.845,21.253,19.746,1.507,1.005
689000,7.814,21.287,19.781,1.506,1.004
689500,7.766,21.241,19.736,1.505,1.003
690000,7.756,21.240,19.729,1.512,1.008
690500,7.744,21.257,19.757,1.500,1.000
691000,7.745,21.286,19.782,1.504,1.003
691500,7.765,21.273,19.776,1.497,0.998
692000,7.752,21.278,19.748,1.530,1.020
692500,7.725,21.298,19.790,1.508,1.006
693000,7.702,21.298,19.776,1.522,1.014
693500,7.699,21.264,19.784,1.480,0.987
694000,7.735,21.284,19.785,1.499,0.999
694500,7.752,21.259,19.761,1.498,0.999
695000,7.743,21.270,19.767,1.502,1.002
695500,7.743,21.302,19.773,1.528,1.019
696000,7.749,21.281,19.771,1.510,1.006
696500,7.737,21.267,19.777,1.490,0.993
697000,7.750,21.255,19.753,1.503,1.002
697500,7.749,21.277,19.778,1.499,0.999
698000,7.709,21.245,19.745,1.500,1.000
698500,7.703,21.251,19.755,1.496,0.997
699000,7.710,21.298,19.748,1.550,1.033
699500,7.729,21.279,19.783,1.496,0.997
700000,7.695,21.305,19.784,1.521,1.014
700500,7.723,21.253,19.758,1.495,0.997
701000,7.745,21.254,19.759,1.495,0.996
701500,7.756,21.265,19.762,1.504,1.002
702000,7.773,21.259,19.728,1.531,1.020
702500,7.757,21.243,19.767,1.476,0.984
703000,7.712,21.237,19.764,1.473,0.982
703500,7.701,21.247,19.760,1.487,0.991
704000,7.730,21.257,19.760,1.497,0.998
704500,7.724,21.240,19.713,1.527,1.018
705000,7.706,21.294,19.803,1.491,0.994
705500,7.710,21.278,19.775,1.503,1.002
706000,7.682,21.249,19.770,1.479,0.986
706500,7.687,21.299,19.769,1.530,1.020
707000,7.708,21.306,19.774,1.532,1.021
707500,7.747,21.306,19.780,1.525,1.017
708000,7.768,21.263,19.796,1.467,0.978
708500,7.714,21.248,19.729,1.519,1.013
709000,7.681,21.277,19.775,1.502,1.001
709500,7.667,21.274,19.765,1.509,1.006
710000,7.681,21.298,19.790,1.508,1.005
710500,7.684,21.307,19.752,1.555,1.037
711000,7.713,21.311,19.790,1.521,1.014
711500,7.726,21.283,19.754,1.529,1.019
712000,7.734,21.299,19.798,1.501,1.001
712500,7.724,21.258,19.766,1.492,0.994
713000,7.727,21.221,19.768,1.453,0.968
713500,7.713,21.194,19.712,1.482,0.988
714000,7.718,21.223,19.770,1.453,0.969
714500,7.724,21.230,19.714,1.516,1.011
715000,7.721,21.186,19.704,1.482,0.988
715500,7.718,21.223,19.769,1.455,0.970
716000,7.717,21.303,19.771,1.532,1.022
716500,7.707,21.293,19.782,1.510,1.007
717000,7.714,21.300,19.793,1.507,1.004
717500,7.732,21.254,19.737,1.517,1.011
718000,7.717,21.257,19.755,1.502,1.002
718500,7.721,21.252,19.793,1.460,0.973
719000,7.740,21.271,19.785,1.486,0.991
719500,7.746,21.232,19.744,1.488,0.992
720000,7.729,21.245,19.725,1.519,1.013
720500,7.701,21.254,19.772,1.482,0.988
721000,7.654,21.207,19.731,1.476,0.984
721500,7.618,21.222,19.734,1.487,0.991
722000,7.654,21.165,19.705,1.460,0.973
722500,7.703,21.181,19.714,1.467,0.978
723000,7.680,21.222,19.722,1.500,1.000
723500,7.677,21.247,19.752,1.495,0.997
724000,7.666,21.225,19.771,1.454,0.969
724500,7.679,21.242,19.744,1.498,0.999
725000,7.687,21.244,19.762,1.482,0.988
725500,7.666,21.231,19.749,1.482,0.988
726000,7.634,21.264,19.791,1.473,0.982
726500,7.644,21.265,19.742,1.523,1.015
727000,7.674,21.274,19.794,1.480,0.987
727500,7.669,21.287,19.754,1.534,1.022
728000,7.650,21.292,19.776,1.516,1.010
728500,7.693,21.307,19.798,1.509,1.006
729000,7.754,21.327,19.799,1.528,1.019
729500,7.749,21.300,19.795,1.505,1.003
730000,7.704,21.325,19.766,1.559,1.039
730500,7.661,21.285,19.775,1.510,1.006
731000,7.653,21.296,19.802,1.494,0.996
731500,7.636,21.277,19.767,1.509,1.006
732000,7.667,21.283,19.761,1.522,1.014
732500,7.704,21.300,19.764,1.536,1.024
733000,7.705,21.291,19.814,1.477,0.985
733500,7.757,21.282,19.795,1.487,0.991
734000,7.757,21.280,19.787,1.493,0.995
734500,7.719,21.299,19.809,1.490,0.994
735000,7.689,21.272,19.772,1.499,1.000
735500,7.662,21.269,19.759,1.510,1.007
736000,7.660,21.221,19.744,1.477,0.984
736500,7.632,21.208,19.691,1.517,1.011
737000,7.658,21.201,19.723,1.478,0.986
737500,7.665,21.238,19.737,1.501,1.001
738000,7.655,21.272,19.763,1.509,1.006
738500,7.671,21.248,19.742,1.506,1.004
739000,7.662,21.203,19.716,1.487,0.992
739500,7.665,21.229,19.735,1.494,0.996
740000,7.683,21.210,19.716,1.494,0.996
740500,7.663,21.224,19.731,1.493,0.995
741000,7.678,21.216,19.757,1.458,0.972
741500,7.717,21.240,19.778,1.462,0.975
742000,7.731,21.286,19.787,1.499,0.999
742500,7.744,21.301,19.792,1.509,1.006
743000,7.749,21.325,19.809,1.517,1.011
743500,7.765,21.267,19.786,1.482,0.988
744000,7.793,21.283,19.814,1.469,0.979
744500,7.778,21.302,19.773,1.528,1.019
745000,7.800,21.287,19.798,1.489,0.993
745500,7.792,21.305,19.813,1.492,0.995
746000,7.731,21.323,19.790,1.533,1.022
746500,7.708,21.294,19.767,1.527,1.018
747000,7.730,21.291,19.763,1.528,1.018
747500,7.753,21.258,19.790,1.467,0.978
748000,7.762,21.272,19.775,1.498,0.999
748500,7.783,21.233,19.771,1.463,0.975
749000,7.792,21.229,19.747,1.483,0.988
749500,7.788,21.194,19.734,1.460,0.974
750000,7.751,21.184,19.702,1.483,0.988
750500,7.724,21.197,19.722,1.475,0.983
751000,7.723,21.269,19.758,1.511,1.007
751500,7.726,21.220,19.749,1.471,0.980
752000,7.705,21.221,19.731,1.490,0.994
752500,7.706,21.280,19.792,1.488,0.992
753000,7.760,21.296,19.784,1.511,1.008
753500,7.784,21.317,19.809,1.508,1.005
754000,7.798,21.295,19.794,1.501,1.001
754500,7.746,21.319,19.787,1.532,1.021
755000,7.711,21.273,19.790,1.483,0.989
755500,7.709,21.297,19.774,1.524,1.016
756000,7.716,21.249,19.754,1.495,0.997
756500,73904.269,nan,nan,43864474572.672,29241355963.760
757000,442167.542,nan,nan,16136837430.551,10757293049.398
757500,665530.521,nan,nan,5936412767.876,3957388309.888
758000,801007.012,nan,nan,2183883512.730,1455841334.047
758500,883177.647,nan,nan,803405511.180,535573873.038
759000,933016.643,nan,nan,295556038.833,197026396.029
759500,963245.537,nan,nan,108729358.192,72482205.647
760000,981580.292,nan,nan,39999212.901,26664658.225
760500,992700.889,nan,nan,14714974.629,9809437.257
761000,999445.888,nan,nan,5413321.594,3608680.264
761500,1003536.921,nan,nan,1991427.055,1327544.167
762000,1006018.257,nan,nan,732628.605,488391.894
762500,1007523.259,nan,nan,269500.260,179656.844
763000,1008436.057,nan,nan,99140.547,66090.020
763500,1008989.709,nan,nan,36477.526,24316.997
764000,1009325.533,nan,nan,13422.796,8948.033
764500,1009529.225,nan,nan,4938.830,3292.370
765000,1009652.748,nan,nan,1817.205,1211.403
765500,1009727.696,nan,nan,670.934,447.265
766000,1009773.197,nan,nan,247.959,165.297
766500,1009800.831,nan,nan,92.547,61.695
767000,1009817.596,nan,nan,34.798,23.198
767500,1009827.738,nan,nan,13.713,9.141
768000,1009833.884,nan,nan,6.012,4.008
768500,1009837.613,nan,nan,3.129,2.086
769000,1009839.888,nan,nan,2.094,1.396
769500,1009841.255,nan,nan,1.721,1.147
770000,1009842.088,nan,nan,1.569,1.046
770500,1009842.628,nan,nan,1.503,1.002
771000,1009842.949,nan,nan,1.462,0.974
771500,1009843.137,nan,nan,1.505,1.003
772000,1009843.268,nan,nan,1.482,0.988
772500,1009843.348,nan,nan,1.449,0.966
773000,1009843.389,nan,nan,1.509,1.006
773500,1009843.451,nan,nan,1.522,1.015
774000,1009843.501,nan,nan,1.531,1.020
774500,1009843.539,nan,nan,1.499,0.999
775000,1009843.566,nan,nan,1.514,1.009
775500,1009843.589,nan,nan,1.475,0.983
776000,1009843.618,nan,nan,1.530,1.020
776500,1009843.621,nan,nan,1.504,1.002
777000,1009843.614,nan,nan,1.459,0.973
777500,1009843.616,nan,nan,1.494,0.996
778000,1009843.584,nan,nan,1.535,1.024
778500,1009843.570,nan,nan,1.442,0.961
779000,1009843.557,nan,nan,1.506,1.004
779500,1009843.553,nan,nan,1.484,0.989
780000,1009843.550,nan,nan,1.487,0.992
780500,1009843.544,nan,nan,1.493,0.995
781000,1009843.554,nan,nan,1.514,1.009
781500,1009843.586,nan,nan,1.489,0.992
782000,1009843.629,nan,nan,1.483,0.989
782500,1009843.693,nan,nan,1.516,1.010
783000,1009843.740,nan,nan,1.477,0.984
783500,1009843.765,nan,nan,1.502,1.002
784000,1009843.829,nan,nan,1.502,1.001
784500,1009843.883,nan,nan,1.484,0.989
785000,1009843.910,nan,nan,1.491,0.994
785500,1009843.941,nan,nan,1.497,0.998
786000,1009843.955,nan,nan,1.491,0.994
786500,1009843.955,nan,nan,1.488,0.992
787000,1009843.959,nan,nan,1.492,0.995
787500,1009843.971,nan,nan,1.522,1.015
788000,1009843.950,nan,nan,1.498,0.999
788500,1009843.907,nan,nan,1.502,1.001
789000,1009843.865,nan,nan,1.512,1.008
789500,1009843.867,nan,nan,1.487,0.991
790000,1009843.880,nan,nan,1.480,0.987
790500,1009843.917,nan,nan,1.505,1.003
791000,1009843.935,nan,nan,1.509,1.006
791500,1009843.926,nan,nan,1.495,0.996
792000,1009843.918,nan,nan,1.487,0.991
792500,1009843.884,nan,nan,1.502,1.002
793000,1009843.858,nan,nan,1.506,1.004
793500,1009843.871,nan,nan,1.492,0.995
794000,1009843.874,nan,nan,1.463,0.975
794500,1009843.876,nan,nan,1.503,1.002
795000,1009843.885,nan,nan,1.483,0.988
795500,1009843.904,nan,nan,1.499,0.999
796000,1009843.922,nan,nan,1.493,0.995
796500,1009843.949,nan,nan,1.509,1.006
797000,1009843.960,nan,nan,1.465,0.977
797500,1009843.982,nan,nan,1.471,0.981
798000,1009843.991,nan,nan,1.478,0.985
798500,1009843.987,nan,nan,1.496,0.997
799000,1009843.986,nan,nan,1.487,0.991
799500,1009843.951,nan,nan,1.540,1.026
800000,1009843.940,nan,nan,1.528,1.018
800500,1009843.931,nan,nan,1.514,1.009
801000,1009843.931,nan,nan,1.526,1.017
801500,1009843.899,nan,nan,1.511,1.007
802000,1009843.875,nan,nan,1.507,1.004
802500,1009843.901,nan,nan,1.513,1.008
803000,1009843.957,nan,nan,1.506,1.004
803500,1009843.970,nan,nan,1.510,1.006
804000,1009843.990,nan,nan,1.511,1.007
804500,1009844.002,nan,nan,1.458,0.972
805000,1009844.017,nan,nan,1.468,0.979
805500,1009844.037,nan,nan,1.491,0.994
806000,1009844.035,nan,nan,1.450,0.967
806500,1009844.039,nan,nan,1.495,0.997
807000,1009844.064,nan,nan,1.537,1.025
807500,1009844.089,nan,nan,1.507,1.005
808000,1009844.079,nan,nan,1.499,1.000
808500,1009844.046,nan,nan,1.500,1.000
809000,1009844.016,nan,nan,1.497,0.998
809500,1009843.991,nan,nan,1.500,1.000
810000,1009843.963,nan,nan,1.512,1.008
810500,1009843.916,nan,nan,1.481,0.987
811000,1009843.833,nan,nan,1.505,1.003
811500,1009843.778,nan,nan,1.541,1.027
812000,1009843.799,nan,nan,1.493,0.995
812500,1009843.813,nan,nan,1.474,0.982
813000,1009843.840,nan,nan,1.461,0.974
813500,1009843.853,nan,nan,1.482,0.988
814000,1009843.853,nan,nan,1.498,0.998
814500,1009843.858,nan,nan,1.512,1.008
815000,1009843.890,nan,nan,1.470,0.980
815500,1009843.925,nan,nan,1.490,0.993
816000,1009843.945,nan,nan,1.456,0.971
816500,1009843.965,nan,nan,1.456,0.970
817000,1009843.961,nan,nan,1.490,0.993
817500,1009843.971,nan,nan,1.507,1.004
818000,1009843.994,nan,nan,1.527,1.018
818500,1009843.988,nan,nan,1.537,1.025
819000,1009843.992,nan,nan,1.438,0.959
819500,1009843.991,nan,nan,1.473,0.982
820000,1009843.992,nan,nan,1.490,0.993
820500,1009843.972,nan,nan,1.540,1.027
821000,1009843.962,nan,nan,1.483,0.989
821500,1009843.970,nan,nan,1.500,1.000
822000,1009843.983,nan,nan,1.518,1.012
822500,1009843.977,nan,nan,1.473,0.982
823000,1009843.949,nan,nan,1.483,0.989
823500,1009843.889,nan,nan,1.504,1.003
824000,1043712.470,nan,nan,27857559969.818,18570673313.541
824500,1153368.450,nan,nan,10248221635.053,6831767614.807
825000,1249123.890,nan,nan,3770112286.724,2513268344.678
825500,1315567.584,nan,nan,1386946230.266,924579373.557
826000,1358467.323,nan,nan,510228802.455,340133608.823
826500,1385348.421,nan,nan,187702637.635,125128129.218
827000,1401949.759,nan,nan,69051832.917,46031993.907
827500,1412124.107,nan,nan,25402866.959,16934302.359
828000,1418332.952,nan,nan,9345108.423,6229725.640
828500,1422112.477,nan,nan,3437829.476,2291758.796
829000,1424409.846,nan,nan,1264668.133,843065.177
829500,1425805.077,nan,nan,465262.541,310157.769
830000,1426652.018,nan,nan,171164.949,114103.617
830500,1427165.965,nan,nan,62972.246,41979.161
831000,1427477.761,nan,nan,23165.275,15442.658
831500,1427666.939,nan,nan,8521.754,5680.853
832000,1427781.711,nan,nan,3136.192,2090.678
832500,1427851.327,nan,nan,1154.460,769.597
833000,1427893.535,nan,nan,425.387,283.575
833500,1427919.146,nan,nan,157.539,105.020
834000,1427934.688,nan,nan,58.815,39.208
834500,1427944.126,nan,nan,22.675,15.116
835000,1427949.842,nan,nan,9.175,6.116
835500,1427953.295,nan,nan,4.351,2.900
836000,1427955.418,nan,nan,2.564,1.710
836500,1427956.723,nan,nan,1.908,1.272
837000,1427957.535,nan,nan,1.657,1.104
837500,1427958.052,nan,nan,1.555,1.036
838000,1427958.359,nan,nan,1.547,1.031
838500,1427958.538,nan,nan,1.483,0.989
839000,1427958.652,nan,nan,1.503,1.002
839500,1427958.712,nan,nan,1.507,1.005
840000,1427958.779,nan,nan,1.498,0.999
840500,1427958.820,nan,nan,1.495,0.997
841000,1427958.831,nan,nan,1.511,1.007
841500,1427958.839,nan,nan,1.469,0.979
842000,1427958.851,nan,nan,1.497,0.998
842500,1427958.877,nan,nan,1.500,1.000
843000,1427958.950,nan,nan,1.519,1.013
843500,1427959.036,nan,nan,1.504,1.002
844000,1427959.090,nan,nan,1.492,0.995
844500,1427959.145,nan,nan,1.507,1.005
845000,1427959.212,nan,nan,1.491,0.994
845500,1427959.279,nan,nan,1.497,0.998
846000,1427959.317,nan,nan,1.470,0.980
846500,1427959.359,nan,nan,1.491,0.994
847000,1427959.414,nan,nan,1.486,0.990
847500,1427959.452,nan,nan,1.477,0.985
848000,1427959.491,nan,nan,1.500,1.000
848500,1427959.504,nan,nan,1.477,0.985
849000,1427959.508,nan,nan,1.481,0.987
849500,1427959.518,nan,nan,1.525,1.017
850000,1427959.524,nan,nan,1.499,1.000
850500,1427959.510,nan,nan,1.473,0.982
851000,1427959.483,nan,nan,1.489,0.993
851500,1427959.476,nan,nan,1.503,1.002
852000,1427959.496,nan,nan,1.481,0.987
852500,1427959.489,nan,nan,1.488,0.992
853000,1427959.469,nan,nan,1.503,1.002
853500,1427959.504,nan,nan,1.470,0.980
854000,1427959.541,nan,nan,1.489,0.993
854500,1427959.568,nan,nan,1.509,1.006
855000,1427959.590,nan,nan,1.462,0.975
855500,1427959.587,nan,nan,1.497,0.998
856000,1427959.566,nan,nan,1.506,1.004
856500,1427959.589,nan,nan,1.569,1.046
857000,1427959.623,nan,nan,1.503,1.002
857500,1427959.631,nan,nan,1.526,1.017
858000,1427959.627,nan,nan,1.560,1.040
858500,1427959.629,nan,nan,1.510,1.006
859000,1427959.652,nan,nan,1.498,0.999
859500,1427959.667,nan,nan,1.469,0.979
860000,1427959.660,nan,nan,1.522,1.015
860500,1427959.666,nan,nan,1.530,1.020
861000,1427959.671,nan,nan,1.522,1.014
861500,1427959.669,nan,nan,1.493,0.996
862000,1427959.635,nan,nan,1.459,0.973
862500,1427959.628,nan,nan,1.494,0.996
863000,1427959.618,nan,nan,1.496,0.997
863500,1427959.597,nan,nan,1.455,0.970
864000,1427959.600,nan,nan,1.475,0.983
864500,1427959.600,nan,nan,1.499,0.999
865000,1427959.587,nan,nan,1.495,0.996
865500,1427959.577,nan,nan,1.491,0.994
866000,1427959.567,nan,nan,1.496,0.997
866500,1427959.546,nan,nan,1.512,1.008
867000,1427959.528,nan,nan,1.535,1.023
867500,1427959.519,nan,nan,1.537,1.025
868000,1427959.509,nan,nan,1.490,0.993
868500,1427959.530,nan,nan,1.477,0.985
869000,1427959.556,nan,nan,1.477,0.985
869500,1427959.586,nan,nan,1.503,1.002
870000,1427959.595,nan,nan,1.492,0.995
870500,1427959.598,nan,nan,1.493,0.995
871000,1427959.610,nan,nan,1.502,1.002
871500,1427959.632,nan,nan,1.466,0.978
872000,1427959.648,nan,nan,1.487,0.991
872500,1427959.641,nan,nan,1.480,0.987
873000,1427959.641,nan,nan,1.510,1.007
873500,1427959.642,nan,nan,1.499,0.999
874000,1427959.633,nan,nan,1.479,0.986
874500,1427959.640,nan,nan,1.504,1.002
875000,1427959.639,nan,nan,1.502,1.001
875500,1427959.612,nan,nan,1.499,0.999
876000,1427959.558,nan,nan,1.479,0.986
876500,1427959.507,nan,nan,1.532,1.021
877000,1427959.463,nan,nan,1.489,0.993
877500,1427959.471,nan,nan,1.510,1.007
878000,1427959.503,nan,nan,1.499,0.999
878500,1427959.574,nan,nan,1.511,1.007
879000,1427959.639,nan,nan,1.498,0.999
879500,1427959.703,nan,nan,1.473,0.982
880000,1427959.710,nan,nan,1.485,0.990
880500,1427959.702,nan,nan,1.492,0.995
881000,1427959.708,nan,nan,1.509,1.006
881500,1427959.746,nan,nan,1.483,0.989
882000,1427959.759,nan,nan,1.527,1.018
882500,1427959.796,nan,nan,1.534,1.023
883000,1427959.798,nan,nan,1.521,1.014
883500,1427959.813,nan,nan,1.503,1.002
884000,1427959.830,nan,nan,1.482,0.988
884500,1427959.826,nan,nan,1.525,1.016
885000,1427959.785,nan,nan,1.465,0.977
885500,1427959.779,nan,nan,1.477,0.984
886000,1427959.834,nan,nan,1.475,0.984
886500,1427959.895,nan,nan,1.501,1.000
887000,1427959.931,nan,nan,1.510,1.007
887500,1427959.946,nan,nan,1.454,0.969
888000,1427959.947,nan,nan,1.500,1.000
888500,1427959.952,nan,nan,1.538,1.025
889000,1427959.929,nan,nan,1.462,0.974
889500,1427959.944,nan,nan,1.513,1.009
890000,1427959.989,nan,nan,1.491,0.994
890500,1427960.021,nan,nan,1.473,0.982
891000,1427960.075,nan,nan,1.430,0.953
891500,1427960.091,nan,nan,1.455,0.970
892000,1427960.073,nan,nan,1.485,0.990
892500,1427960.061,nan,nan,1.484,0.989
893000,1427960.009,nan,nan,1.440,0.960
893500,1427959.987,nan,nan,1.479,0.986
894000,1427959.994,nan,nan,1.503,1.002
894500,1427960.000,nan,nan,1.485,0.990
895000,1427960.000,nan,nan,1.516,1.010
895500,1427959.983,nan,nan,1.511,1.007
896000,1427959.957,nan,nan,1.497,0.998
896500,1427959.963,nan,nan,1.493,0.995
897000,1427959.950,nan,nan,1.512,1.008
897500,1427959.944,nan,nan,1.474,0.983
898000,1427959.924,nan,nan,1.526,1.017
898500,1427959.922,nan,nan,1.483,0.988
899000,1427959.963,nan,nan,1.522,1.015
899500,1427960.010,nan,nan,1.538,1.025
900000,1427960.008,nan,nan,1.493,0.995
900500,1427959.986,nan,nan,1.501,1.001
901000,1427959.954,nan,nan,1.495,0.997
901500,1427959.955,nan,nan,1.467,0.978
902000,1427959.940,nan,nan,1.479,0.986
902500,1427959.916,nan,nan,1.485,0.990
903000,1427959.937,nan,nan,1.494,0.996
903500,1427959.951,nan,nan,1.519,1.013
904000,1427959.960,nan,nan,1.517,1.011
904500,1427959.937,nan,nan,1.543,1.029
905000,1427959.908,nan,nan,1.528,1.018
905500,1427959.878,nan,nan,1.522,1.015
906000,1427959.841,nan,nan,1.521,1.014
906500,1427959.826,nan,nan,1.502,1.001
907000,1427959.832,nan,nan,1.442,0.961
907500,1427959.830,nan,nan,1.478,0.985
908000,1427959.830,nan,nan,1.478,0.985
908500,1427959.823,nan,nan,1.509,1.006
909000,1427959.811,nan,nan,1.500,1.000
909500,1427959.799,nan,nan,1.502,1.002
910000,1427959.772,nan,nan,1.512,1.008
910500,1427959.752,nan,nan,1.512,1.008
911000,1427959.758,nan,nan,1.512,1.008
911500,1427959.760,nan,nan,1.474,0.982
912000,1427959.744,nan,nan,1.528,1.018
912500,1427959.745,nan,nan,1.487,0.992
913000,1427959.731,nan,nan,1.526,1.017
913500,1427959.709,nan,nan,1.497,0.998
914000,1427959.729,nan,nan,1.495,0.997
914500,1427959.771,nan,nan,1.514,1.009
915000,1427959.785,nan,nan,1.486,0.991
915500,1427959.790,nan,nan,1.510,1.006
916000,1427959.822,nan,nan,1.493,0.995
916500,1427959.861,nan,nan,1.511,1.007
917000,1427959.908,nan,nan,1.521,1.014
917500,1427959.947,nan,nan,1.510,1.007
918000,1427959.977,nan,nan,1.490,0.993
918500,1427959.965,nan,nan,1.518,1.012
919000,1427959.953,nan,nan,1.493,0.995
919500,1427959.964,nan,nan,1.506,1.004
920000,1427960.006,nan,nan,1.529,1.020
920500,1427960.031,nan,nan,1.479,0.986
921000,1427960.064,nan,nan,1.486,0.990
921500,1427960.061,nan,nan,1.508,1.005
922000,1427960.013,nan,nan,1.500,1.000
922500,1427959.970,nan,nan,1.492,0.995
923000,1427959.910,nan,nan,1.501,1.000
923500,1427959.851,nan,nan,1.514,1.009
924000,1427959.808,nan,nan,1.546,1.031
924500,1427959.820,nan,nan,1.483,0.988
925000,1427959.853,nan,nan,1.475,0.984
925500,1427959.890,nan,nan,1.511,1.007
926000,1427959.917,nan,nan,1.473,0.982
926500,1427959.925,nan,nan,1.475,0.984
927000,1427959.941,nan,nan,1.482,0.988
927500,1427959.930,nan,nan,1.478,0.985
928000,1427959.957,nan,nan,1.486,0.990
928500,1427959.991,nan,nan,1.493,0.995
929000,1427960.016,nan,nan,1.491,0.994
929500,1427960.044,nan,nan,1.526,1.018
930000,1427960.059,nan,nan,1.538,1.025
930500,1427960.093,nan,nan,1.496,0.998
931000,1427960.126,nan,nan,1.501,1.000
931500,1427960.150,nan,nan,1.514,1.009
932000,1427960.171,nan,nan,1.509,1.006
932500,1427960.226,nan,nan,1.491,0.994
933000,1427960.262,nan,nan,1.518,1.012
933500,1427960.315,nan,nan,1.506,1.004
934000,1427960.367,nan,nan,1.511,1.008
934500,1427960.395,nan,nan,1.511,1.007
935000,1427960.430,nan,nan,1.480,0.987
935500,1427960.456,nan,nan,1.468,0.979
936000,1427960.489,nan,nan,1.477,0.984
936500,1427960.527,nan,nan,1.463,0.976
937000,1427960.549,nan,nan,1.502,1.001
937500,1427960.562,nan,nan,1.461,0.974
938000,1427960.567,nan,nan,1.474,0.983
938500,1427960.548,nan,nan,1.481,0.987
939000,1427960.535,nan,nan,1.515,1.010
939500,1427960.511,nan,nan,1.487,0.992
940000,1427960.485,nan,nan,1.527,1.018
940500,1427960.452,nan,nan,1.501,1.001
941000,1427960.436,nan,nan,1.482,0.988
941500,1427960.423,nan,nan,1.516,1.010
942000,1427960.415,nan,nan,1.485,0.990
942500,1427960.431,nan,nan,1.503,1.002
943000,1427960.418,nan,nan,1.513,1.009
943500,1427960.407,nan,nan,1.521,1.014
944000,1427960.394,nan,nan,1.497,0.998
944500,1427960.367,nan,nan,1.467,0.978
945000,1427960.348,nan,nan,1.491,0.994
945500,1427960.350,nan,nan,1.494,0.996
946000,1427960.381,nan,nan,1.467,0.978
946500,1427960.410,nan,nan,1.460,0.973
947000,1427960.414,nan,nan,1.505,1.003
947500,1427960.425,nan,nan,1.450,0.966
948000,1427960.424,nan,nan,1.481,0.987
948500,1427960.377,nan,nan,1.502,1.001
949000,1427960.355,nan,nan,1.468,0.978
949500,1427960.345,nan,nan,1.469,0.980
950000,1427960.357,nan,nan,1.499,0.999
950500,1427960.375,nan,nan,1.516,1.011
951000,1427960.385,nan,nan,1.485,0.990
951500,1427960.405,nan,nan,1.484,0.989
952000,1427960.418,nan,nan,1.471,0.981
952500,1427960.432,nan,nan,1.502,1.001
953000,1427960.475,nan,nan,1.472,0.981
953500,1427960.498,nan,nan,1.480,0.986
954000,1427960.540,nan,nan,1.448,0.965
954500,1427960.574,nan,nan,1.465,0.977
955000,1427960.620,nan,nan,1.495,0.997
955500,1427960.651,nan,nan,1.481,0.987
956000,1427960.666,nan,nan,1.470,0.980
956500,1427960.656,nan,nan,1.472,0.981
957000,1427960.645,nan,nan,1.458,0.972
957500,1427960.631,nan,nan,1.466,0.978
958000,1427960.662,nan,nan,1.496,0.997
958500,1427960.696,nan,nan,1.511,1.007
959000,1427960.681,nan,nan,1.466,0.977
959500,1427960.624,nan,nan,1.458,0.972
960000,1427960.577,nan,nan,1.459,0.972
960500,1427960.543,nan,nan,1.499,0.999
961000,1427960.564,nan,nan,1.496,0.998
961500,1427960.591,nan,nan,1.519,1.012
962000,1427960.630,nan,nan,1.495,0.997
962500,1427960.651,nan,nan,1.498,0.999
963000,1427960.673,nan,nan,1.507,1.005
963500,1427960.679,nan,nan,1.481,0.987
964000,1427960.696,nan,nan,1.470,0.980
964500,1427960.727,nan,nan,1.518,1.012
965000,1427960.787,nan,nan,1.532,1.021
965500,1427960.842,nan,nan,1.501,1.001
966000,1427960.878,nan,nan,1.496,0.997
966500,1427960.891,nan,nan,1.527,1.018
967000,1427960.884,nan,nan,1.526,1.017
967500,1427960.859,nan,nan,1.549,1.033
968000,1427960.821,nan,nan,1.507,1.005
968500,1427960.781,nan,nan,1.526,1.017
969000,1427960.767,nan,nan,1.495,0.996
969500,1427960.760,nan,nan,1.477,0.985
970000,1427960.754,nan,nan,1.458,0.972
970500,1427960.720,nan,nan,1.513,1.009
971000,1427960.654,nan,nan,1.483,0.988
971500,1427960.598,nan,nan,1.475,0.983
972000,1427960.539,nan,nan,1.522,1.015
972500,1427960.511,nan,nan,1.470,0.980
973000,1427960.476,nan,nan,1.477,0.984
973500,1427960.477,nan,nan,1.483,0.989
974000,1427960.474,nan,nan,1.460,0.973
974500,1427960.454,nan,nan,1.499,0.999
975000,1427960.416,nan,nan,1.564,1.043
975500,1427960.366,nan,nan,1.506,1.004
976000,1427960.361,nan,nan,1.522,1.014
976500,1427960.366,nan,nan,1.528,1.019
977000,1427960.364,nan,nan,1.505,1.003
977500,1427960.373,nan,nan,1.542,1.028
978000,1427960.385,nan,nan,1.512,1.008
978500,1427960.387,nan,nan,1.549,1.033
979000,1427960.407,nan,nan,1.493,0.995
979500,1427960.419,nan,nan,1.519,1.013
980000,1427960.426,nan,nan,1.493,0.995
980500,1427960.406,nan,nan,1.477,0.985
981000,1427960.432,nan,nan,1.486,0.991
981500,1427960.505,nan,nan,1.479,0.986
982000,1427960.558,nan,nan,1.518,1.012
982500,1427960.604,nan,nan,1.484,0.989
983000,1427960.619,nan,nan,1.454,0.969
983500,1427960.611,nan,nan,1.523,1.016
984000,1427960.603,nan,nan,1.576,1.051
984500,1427960.654,nan,nan,1.508,1.005
985000,1427960.690,nan,nan,1.497,0.998
985500,1427960.738,nan,nan,1.497,0.998
986000,1427960.790,nan,nan,1.513,1.008
986500,1427960.829,nan,nan,1.503,1.002
987000,1427960.862,nan,nan,1.511,1.008
987500,1427960.904,nan,nan,1.500,1.000
988000,1427960.922,nan,nan,1.482,0.988
988500,1427960.921,nan,nan,1.473,0.982
989000,1427960.925,nan,nan,1.510,1.007
989500,1427960.931,nan,nan,1.529,1.019
990000,1427960.941,nan,nan,1.502,1.001
990500,1427960.936,nan,nan,1.518,1.012
991000,1427960.934,nan,nan,1.531,1.021
991500,1427960.919,nan,nan,1.531,1.020
992000,1427960.944,nan,nan,1.469,0.979
992500,1427960.946,nan,nan,1.506,1.004
993000,1427960.981,nan,nan,1.506,1.004
993500,1427961.007,nan,nan,1.500,1.000
994000,1427961.015,nan,nan,1.487,0.991
994500,1427960.989,nan,nan,1.555,1.037
995000,1427960.962,nan,nan,1.529,1.019
995500,1427960.953,nan,nan,1.498,0.999
996000,1427960.933,nan,nan,1.450,0.967
996500,1427960.944,nan,nan,1.494,0.996
997000,1427960.960,nan,nan,1.496,0.997
997500,1427960.926,nan,nan,1.479,0.986
998000,1427960.917,nan,nan,1.520,1.013
998500,1427960.941,nan,nan,1.489,0.993
999000,1427960.935,nan,nan,1.549,1.033
999500,1427960.926,nan,nan,1.527,1.018
1000000,1427960.949,nan,nan,1.508,1.005
1000500,1427960.978,nan,nan,1.511,1.008
1001000,1427960.983,nan,nan,1.506,1.004
1001500,1427961.019,nan,nan,1.465,0.977
1002000,1427961.062,nan,nan,1.477,0.985
1002500,1427961.109,nan,nan,1.482,0.988
1003000,1427961.142,nan,nan,1.504,1.003
1003500,1427961.148,nan,nan,1.480,0.986
1004000,1427961.133,nan,nan,1.448,0.965
1004500,1427961.137,nan,nan,1.458,0.972
1005000,1427961.107,nan,nan,1.497,0.998
1005500,1427961.083,nan,nan,1.494,0.996
1006000,1427961.069,nan,nan,1.487,0.992
1006500,1427961.022,nan,nan,1.496,0.997
1007000,1427960.985,nan,nan,1.457,0.972
1007500,1427960.951,nan,nan,1.512,1.008
1008000,1427960.936,nan,nan,1.532,1.021
1008500,1427960.949,nan,nan,1.507,1.005
1009000,1427960.937,nan,nan,1.519,1.013
1009500,1427960.901,nan,nan,1.489,0.993
1010000,1427960.853,nan,nan,1.505,1.004
1010500,1427960.808,nan,nan,1.499,0.999
1011000,1427960.798,nan,nan,1.488,0.992
1011500,1427960.813,nan,nan,1.484,0.990
1012000,1427960.819,nan,nan,1.513,1.009
1012500,1427960.797,nan,nan,1.466,0.977
1013000,1427960.811,nan,nan,1.490,0.993
1013500,1427960.813,nan,nan,1.468,0.979
1014000,1427960.809,nan,nan,1.501,1.000
1014500,1427960.827,nan,nan,1.513,1.009
1015000,1427960.853,nan,nan,1.508,1.005
1015500,1427960.875,nan,nan,1.474,0.982
1016000,1427960.892,nan,nan,1.506,1.004
1016500,1427960.872,nan,nan,1.502,1.002
1017000,1427960.844,nan,nan,1.504,1.002
1017500,1427960.819,nan,nan,1.527,1.018
1018000,1427960.806,nan,nan,1.509,1.006
1018500,1427960.791,nan,nan,1.496,0.998
1019000,1427960.776,nan,nan,1.485,0.990
1019500,1427960.744,nan,nan,1.518,1.012
1020000,1427960.699,nan,nan,1.529,1.020
1020500,1427960.644,nan,nan,1.518,1.012
1021000,1427960.601,nan,nan,1.513,1.009
1021500,1427960.576,nan,nan,1.540,1.027
1022000,1427960.610,nan,nan,1.482,0.988
1022500,1427960.656,nan,nan,1.541,1.027
1023000,1427960.710,nan,nan,1.536,1.024
1023500,1427960.747,nan,nan,1.502,1.002
1024000,1427960.724,nan,nan,1.554,1.036
1024500,1427960.686,nan,nan,1.496,0.997
1025000,1427960.667,nan,nan,1.531,1.020
1025500,1427960.688,nan,nan,1.512,1.008
1026000,1427960.718,nan,nan,1.484,0.989
1026500,1427960.729,nan,nan,1.464,0.976
1027000,1427960.743,nan,nan,1.480,0.986
1027500,1427960.747,nan,nan,1.482,0.988
1028000,1427960.760,nan,nan,1.543,1.028
1028500,1427960.781,nan,nan,1.491,0.994
1029000,1427960.817,nan,nan,1.520,1.013
1029500,1427960.845,nan,nan,1.496,0.998
1030000,1427960.899,nan,nan,1.496,0.997
1030500,1427960.923,nan,nan,1.516,1.011
1031000,1427960.938,nan,nan,1.451,0.967
1031500,1427960.944,nan,nan,1.469,0.979
1032000,1427960.984,nan,nan,1.481,0.987
1032500,1427961.039,nan,nan,1.462,0.975
1033000,1427961.076,nan,nan,1.470,0.980
1033500,1427961.113,nan,nan,1.505,1.004
1034000,1427961.163,nan,nan,1.536,1.024
1034500,1427961.218,nan,nan,1.514,1.009
1035000,1427961.232,nan,nan,1.454,0.969
1035500,1427961.253,nan,nan,1.490,0.993
1036000,1427961.250,nan,nan,1.493,0.995
1036500,1427961.234,nan,nan,1.509,1.006
1037000,1427961.196,nan,nan,1.459,0.972
1037500,1427961.148,nan,nan,1.476,0.984
1038000,1427961.150,nan,nan,1.465,0.976
1038500,1427961.164,nan,nan,1.524,1.016
1039000,1427961.195,nan,nan,1.484,0.989
1039500,1427961.194,nan,nan,1.460,0.974
1040000,1427961.185,nan,nan,1.504,1.002
1040500,1427961.150,nan,nan,1.467,0.978
1041000,1427961.151,nan,nan,1.465,0.976
1041500,1427961.153,nan,nan,1.542,1.028
1042000,1427961.185,nan,nan,1.535,1.023
1042500,1427961.195,nan,nan,1.557,1.038
1043000,1427961.196,nan,nan,1.475,0.983
1043500,1427961.177,nan,nan,1.456,0.971
1044000,1427961.161,nan,nan,1.466,0.977
1044500,1427961.153,nan,nan,1.529,1.019
1045000,1427961.144,nan,nan,1.550,1.034
1045500,1427961.141,nan,nan,1.484,0.989
1046000,1427961.095,nan,nan,1.486,0.990
1046500,1427961.049,nan,nan,1.510,1.007
1047000,1427961.063,nan,nan,1.526,1.017
1047500,1427961.082,nan,nan,1.506,1.004
1048000,1427961.115,nan,nan,1.519,1.013
1048500,1427961.125,nan,nan,1.479,0.986
1049000,1427961.143,nan,nan,1.502,1.001
1049500,1427961.184,nan,nan,1.498,0.999
1050000,1427961.226,nan,nan,1.493,0.995
1050500,1427961.239,nan,nan,1.511,1.008
1051000,1427961.243,nan,nan,1.495,0.997
1051500,1427961.246,nan,nan,1.487,0.991
1052000,1427961.244,nan,nan,1.530,1.020
1052500,1427961.227,nan,nan,1.565,1.043
1053000,1427961.232,nan,nan,1.497,0.998
1053500,1427961.224,nan,nan,1.477,0.984
1054000,1427961.186,nan,nan,1.491,0.994
1054500,1427961.157,nan,nan,1.512,1.008
1055000,1427961.125,nan,nan,1.500,1.000
1055500,1427961.103,nan,nan,1.499,0.999
1056000,1427961.129,nan,nan,1.472,0.982
1056500,1427961.147,nan,nan,1.537,1.025
1057000,1427961.182,nan,nan,1.481,0.987
1057500,1427961.242,nan,nan,1.482,0.988
1058000,1427961.292,nan,nan,1.518,1.012
1058500,1427961.316,nan,nan,1.500,1.000
1059000,1427961.309,nan,nan,1.495,0.996
1059500,1427961.287,nan,nan,1.502,1.001
1060000,1427961.258,nan,nan,1.514,1.009
1060500,1427961.229,nan,nan,1.519,1.013
1061000,1427961.234,nan,nan,1.456,0.970
1061500,1427961.201,nan,nan,1.466,0.977
1062000,1427961.152,nan,nan,1.488,0.992
1062500,1427961.121,nan,nan,1.472,0.981
1063000,1427961.062,nan,nan,1.488,0.992
1063500,1427961.007,nan,nan,1.508,1.005
1064000,1427960.936,nan,nan,1.477,0.985
1064500,1427960.859,nan,nan,1.519,1.012
1065000,1427960.800,nan,nan,1.494,0.996
1065500,1427960.752,nan,nan,1.540,1.026
1066000,1427960.725,nan,nan,1.548,1.032
1066500,1427960.703,nan,nan,1.533,1.022
1067000,1427960.696,nan,nan,1.517,1.011
1067500,1427960.674,nan,nan,1.465,0.977
1068000,1427960.660,nan,nan,1.543,1.029
1068500,1427960.663,nan,nan,1.527,1.018
1069000,1427960.670,nan,nan,1.483,0.989
1069500,1427960.657,nan,nan,1.491,0.994
1070000,1427960.645,nan,nan,1.501,1.001
1070500,1427960.632,nan,nan,1.520,1.013
1071000,1427960.629,nan,nan,1.530,1.020
1071500,1427960.661,nan,nan,1.509,1.006
1072000,1427960.698,nan,nan,1.464,0.976
1072500,1427960.746,nan,nan,1.487,0.991
1073000,1427960.767,nan,nan,1.545,1.030
1073500,1427960.800,nan,nan,1.503,1.002
1074000,1427960.838,nan,nan,1.531,1.020
1074500,1427960.860,nan,nan,1.489,0.992
1075000,1427960.879,nan,nan,1.525,1.017
1075500,1427960.895,nan,nan,1.479,0.986
1076000,1427960.895,nan,nan,1.480,0.986
1076500,1427960.887,nan,nan,1.460,0.973
1077000,1427960.899,nan,nan,1.451,0.967
1077500,1427960.952,nan,nan,1.507,1.005
1078000,1427960.981,nan,nan,1.516,1.011
1078500,1427961.031,nan,nan,1.527,1.018
1079000,1427961.089,nan,nan,1.494,0.996
1079500,1427961.095,nan,nan,1.513,1.008
1080000,1427961.054,nan,nan,1.502,1.001
1080500,1427961.030,nan,nan,1.509,1.006
1081000,1427961.018,nan,nan,1.515,1.010
1081500,1427961.015,nan,nan,1.506,1.004
1082000,1427961.021,nan,nan,1.509,1.006
1082500,1427961.048,nan,nan,1.455,0.970
1083000,1427961.074,nan,nan,1.478,0.986
1083500,1427961.106,nan,nan,1.455,0.970
1084000,1427961.138,nan,nan,1.487,0.991
1084500,1427961.143,nan,nan,1.501,1.001
1085000,1427961.129,nan,nan,1.503,1.002
1085500,1427961.125,nan,nan,1.468,0.979
1086000,1427961.131,nan,nan,1.500,1.000
1086500,1427961.133,nan,nan,1.501,1.000
1087000,1427961.122,nan,nan,1.459,0.973
1087500,1427961.151,nan,nan,1.528,1.018
1088000,1427961.158,nan,nan,1.501,1.001
1088500,1427961.176,nan,nan,1.493,0.996
1089000,1427961.187,nan,nan,1.484,0.989
1089500,1427961.194,nan,nan,1.520,1.013
1090000,1427961.187,nan,nan,1.491,0.994
1090500,1427961.192,nan,nan,1.522,1.015
1091000,1427961.207,nan,nan,1.499,0.999
1091500,1427961.241,nan,nan,1.506,1.004
1092000,1427961.280,nan,nan,1.477,0.985
1092500,1427961.283,nan,nan,1.510,1.007
1093000,1427961.290,nan,nan,1.537,1.025
1093500,1427961.361,nan,nan,1.485,0.990
1094000,1427961.402,nan,nan,1.454,0.969
1094500,1427961.424,nan,nan,1.517,1.011
1095000,1427961.455,nan,nan,1.479,0.986
1095500,1427961.500,nan,nan,1.505,1.004
1096000,1427961.552,nan,nan,1.489,0.993
1096500,1427961.578,nan,nan,1.490,0.993
1097000,1427961.595,nan,nan,1.519,1.013
1097500,1427961.605,nan,nan,1.505,1.003
1098000,1427961.622,nan,nan,1.486,0.990
1098500,1427961.651,nan,nan,1.516,1.011
1099000,1427961.721,nan,nan,1.493,0.995
1099500,1427961.771,nan,nan,1.495,0.997
1100000,1427961.780,nan,nan,1.494,0.996
1100500,1427961.784,nan,nan,1.483,0.989
1101000,1427961.800,nan,nan,1.508,1.005
1101500,1427961.792,nan,nan,1.515,1.010
1102000,1427961.770,nan,nan,1.541,1.027
1102500,1427961.730,nan,nan,1.503,1.002
1103000,1427961.701,nan,nan,1.497,0.998
1103500,1427961.681,nan,nan,1.453,0.968
1104000,1427961.684,nan,nan,1.508,1.005
1104500,1427961.688,nan,nan,1.507,1.005
1105000,1427961.676,nan,nan,1.498,0.999
1105500,1427961.664,nan,nan,1.528,1.018
1106000,1427961.661,nan,nan,1.479,0.986
1106500,1427961.641,nan,nan,1.527,1.018
1107000,1427961.676,nan,nan,1.449,0.966
1107500,1427961.688,nan,nan,1.487,0.991
1108000,1427961.747,nan,nan,1.494,0.996
1108500,1427961.779,nan,nan,1.487,0.992
1109000,1427961.795,nan,nan,1.469,0.979
1109500,1427961.800,nan,nan,1.506,1.004
1110000,1427961.811,nan,nan,1.474,0.982
1110500,1427961.851,nan,nan,1.538,1.025
1111000,1427961.880,nan,nan,1.521,1.014
1111500,1427961.918,nan,nan,1.550,1.033
1112000,1427961.943,nan,nan,1.504,1.003
1112500,1427961.929,nan,nan,1.534,1.023
1113000,1427961.918,nan,nan,1.482,0.988
1113500,1427961.883,nan,nan,1.530,1.020
1114000,1427961.842,nan,nan,1.495,0.997
1114500,1427961.794,nan,nan,1.464,0.976
1115000,1427961.770,nan,nan,1.501,1.000
1115500,1427961.744,nan,nan,1.506,1.004
1116000,1427961.761,nan,nan,1.525,1.017
1116500,1427961.727,nan,nan,1.498,0.998
1117000,1427961.696,nan,nan,1.478,0.986
1117500,1427961.736,nan,nan,1.511,1.007
1118000,1427961.804,nan,nan,1.506,1.004
1118500,1427961.853,nan,nan,1.518,1.012
1119000,1427961.886,nan,nan,1.474,0.982
1119500,1427961.909,nan,nan,1.498,0.999
1120000,1427961.909,nan,nan,1.493,0.995
1120500,1427961.890,nan,nan,1.493,0.996
1121000,1427961.867,nan,nan,1.478,0.985
1121500,1427961.863,nan,nan,1.445,0.963
1122000,1427961.876,nan,nan,1.497,0.998
1122500,1427961.863,nan,nan,1.512,1.008
1123000,1427961.867,nan,nan,1.499,0.999
1123500,1427961.849,nan,nan,1.538,1.025
1124000,1427961.859,nan,nan,1.503,1.002
1124500,1427961.889,nan,nan,1.497,0.998
1125000,1427961.911,nan,nan,1.487,0.991
1125500,1427961.888,nan,nan,1.483,0.989
1126000,1427961.867,nan,nan,1.504,1.002
1126500,1427961.842,nan,nan,1.471,0.981
1127000,1427961.827,nan,nan,1.462,0.974
1127500,1427961.816,nan,nan,1.492,0.994
1128000,1427961.807,nan,nan,1.501,1.001
1128500,1427961.776,nan,nan,1.496,0.998
1129000,1427961.760,nan,nan,1.502,1.001
1129500,1427961.760,nan,nan,1.524,1.016
1130000,1427961.778,nan,nan,1.513,1.008
1130500,1427961.784,nan,nan,1.573,1.049
1131000,1427961.768,nan,nan,1.542,1.028
1131500,1427961.757,nan,nan,1.510,1.007
1132000,1427961.777,nan,nan,1.459,0.973
1132500,1427961.819,nan,nan,1.521,1.014
1133000,1427961.852,nan,nan,1.501,1.000
1133500,1427961.878,nan,nan,1.516,1.010
1134000,1427961.880,nan,nan,1.518,1.012
1134500,1427961.886,nan,nan,1.546,1.031
1135000,1427961.897,nan,nan,1.553,1.035
1135500,1427961.895,nan,nan,1.475,0.983
1136000,1427961.895,nan,nan,1.510,1.006
1136500,1427961.892,nan,nan,1.516,1.011
1137000,1427961.897,nan,nan,1.498,0.999
1137500,1427961.923,nan,nan,1.548,1.032
1138000,1427961.933,nan,nan,1.505,1.003
1138500,1427961.944,nan,nan,1.496,0.997
1139000,1427961.993,nan,nan,1.515,1.010
1139500,1427962.046,nan,nan,1.527,1.018
1140000,1427962.057,nan,nan,1.499,0.999
1140500,1427962.049,nan,nan,1.475,0.984
1141000,1427962.041,nan,nan,1.509,1.006
1141500,1427962.016,nan,nan,1.497,0.998
1142000,1427962.011,nan,nan,1.541,1.027
1142500,1427962.002,nan,nan,1.485,0.990
1143000,1427962.006,nan,nan,1.507,1.005
1143500,1427962.029,nan,nan,1.466,0.977
1144000,1427962.059,nan,nan,1.471,0.980
1144500,1427962.048,nan,nan,1.514,1.009
1145000,1427962.036,nan,nan,1.494,0.996
1145500,1427962.027,nan,nan,1.498,0.999
1146000,1427961.992,nan,nan,1.485,0.990
1146500,1427961.947,nan,nan,1.498,0.999
1147000,1427961.888,nan,nan,1.524,1.016
1147500,1427961.835,nan,nan,1.510,1.006
1148000,1427961.801,nan,nan,1.510,1.007
1148500,1427961.821,nan,nan,1.517,1.011
1149000,1427961.854,nan,nan,1.509,1.006
1149500,1427961.883,nan,nan,1.501,1.001
1150000,1427961.884,nan,nan,1.470,0.980
1150500,1427961.885,nan,nan,1.495,0.997
1151000,1427961.889,nan,nan,1.534,1.022
1151500,1427961.894,nan,nan,1.545,1.030
1152000,1427961.949,nan,nan,1.524,1.016
1152500,1427961.983,nan,nan,1.477,0.985
1153000,1427961.989,nan,nan,1.522,1.014
1153500,1427961.976,nan,nan,1.476,0.984
1154000,1427961.967,nan,nan,1.517,1.011
1154500,1427961.901,nan,nan,1.499,0.999
1155000,1427961.864,nan,nan,1.478,0.985
1155500,1427961.863,nan,nan,1.484,0.989
1156000,1427961.879,nan,nan,1.506,1.004
1156500,1427961.924,nan,nan,1.542,1.028
1157000,1453714.342,nan,nan,27251393836.028,18166585042.475
1157500,1534837.441,nan,nan,10025227806.560,6683113334.089
1158000,1607760.001,nan,nan,3688074560.513,2458579570.267
1158500,1659547.626,nan,nan,1356765836.232,904460230.362
1159000,1693469.984,nan,nan,499126313.687,332732361.474
1159500,1714910.278,nan,nan,183618302.291,122405390.491
1160000,1728220.045,nan,nan,67549340.575,45030388.078
1160500,1736402.459,nan,nan,24849986.008,16565735.567
1161000,1741405.049,nan,nan,9141793.443,6094189.861
1161500,1744453.726,nan,nan,3362984.591,2241864.983
1162000,1746308.136,nan,nan,1237175.557,824737.814
1162500,1747434.837,nan,nan,455126.267,303400.629
1163000,1748118.928,nan,nan,167442.186,111621.913
1163500,1748534.106,nan,nan,61598.811,41063.589
1164000,1748786.026,nan,nan,22662.889,15107.752
1164500,1748938.842,nan,nan,8335.139,5556.450
1165000,1749031.549,nan,nan,3067.361,2044.793
1165500,1749087.774,nan,nan,1129.006,752.629
1166000,1749121.890,nan,nan,417.142,278.079
1166500,1749142.581,nan,nan,154.306,102.865
1167000,1749155.108,nan,nan,57.595,38.395
1167500,1749162.710,nan,nan,22.099,14.732
1168000,1749167.332,nan,nan,9.128,6.085
1168500,1749170.131,nan,nan,4.365,2.910
1169000,1749171.833,nan,nan,2.536,1.691
1169500,1749172.874,nan,nan,1.863,1.242
1170000,1749173.504,nan,nan,1.599,1.066
1170500,1749173.829,nan,nan,1.516,1.011
1171000,1749174.009,nan,nan,1.496,0.997
1171500,1749174.100,nan,nan,1.492,0.994
1172000,1749174.164,nan,nan,1.498,0.999
1172500,1749174.216,nan,nan,1.436,0.957
1173000,1749174.229,nan,nan,1.467,0.978
1173500,1749174.227,nan,nan,1.518,1.012
1174000,1749174.218,nan,nan,1.489,0.992
1174500,1749174.233,nan,nan,1.494,0.996
1175000,1749174.262,nan,nan,1.445,0.963
1175500,1749174.266,nan,nan,1.512,1.008
1176000,1749174.278,nan,nan,1.492,0.995
1176500,1749174.292,nan,nan,1.470,0.980
1177000,1749174.294,nan,nan,1.531,1.021
1177500,1749174.293,nan,nan,1.491,0.994
1178000,1749174.315,nan,nan,1.519,1.013
1178500,1749174.315,nan,nan,1.488,0.992
1179000,1749174.307,nan,nan,1.501,1.000
1179500,1749174.278,nan,nan,1.516,1.011
1180000,1749174.249,nan,nan,1.498,0.998
1180500,1749174.223,nan,nan,1.485,0.990
1181000,1749174.173,nan,nan,1.499,0.999
1181500,1749174.125,nan,nan,1.519,1.012
1182000,1749174.118,nan,nan,1.529,1.019
1182500,1749174.105,nan,nan,1.528,1.019
1183000,1749174.069,nan,nan,1.484,0.989
1183500,1749174.044,nan,nan,1.524,1.016
1184000,1749174.018,nan,nan,1.492,0.994
1184500,1749174.006,nan,nan,1.496,0.997
1185000,1749173.967,nan,nan,1.482,0.988
1185500,1749173.945,nan,nan,1.477,0.985
1186000,1749173.953,nan,nan,1.464,0.976
1186500,1749173.918,nan,nan,1.480,0.987
1187000,1749173.887,nan,nan,1.483,0.989
1187500,1749173.873,nan,nan,1.490,0.993
1188000,1749173.888,nan,nan,1.451,0.968
1188500,1749173.848,nan,nan,1.485,0.990
1189000,1749173.815,nan,nan,1.468,0.978
1189500,1749173.794,nan,nan,1.484,0.989
1190000,1749173.771,nan,nan,1.472,0.981
1190500,1749173.758,nan,nan,1.475,0.984
1191000,1749173.789,nan,nan,1.503,1.002
1191500,1749173.813,nan,nan,1.493,0.995
1192000,1749173.875,nan,nan,1.485,0.990
1192500,1749173.915,nan,nan,1.511,1.007
1193000,1749173.915,nan,nan,1.513,1.009
1193500,1749173.923,nan,nan,1.486,0.991
1194000,1749173.947,nan,nan,1.492,0.995
1194500,1749173.963,nan,nan,1.460,0.973
1195000,1749173.978,nan,nan,1.463,0.975
1195500,1749173.978,nan,nan,1.502,1.001
1196000,1749173.989,nan,nan,1.509,1.006
1196500,1749174.011,nan,nan,1.492,0.995
1197000,1749174.009,nan,nan,1.500,1.000
1197500,1749174.011,nan,nan,1.520,1.013
1198000,1749174.017,nan,nan,1.527,1.018
1198500,1749174.002,nan,nan,1.515,1.010
1199000,1749173.981,nan,nan,1.532,1.021
1199500,1749173.996,nan,nan,1.474,0.982
1200000,1749174.013,nan,nan,1.538,1.025
1200500,1749174.024,nan,nan,1.503,1.002
1201000,1749174.033,nan,nan,1.553,1.035
1201500,1749174.045,nan,nan,1.513,1.009
1202000,1749174.074,nan,nan,1.485,0.990
1202500,1749174.116,nan,nan,1.509,1.006
1203000,1749174.143,nan,nan,1.528,1.018
1203500,1749174.167,nan,nan,1.496,0.997
1204000,1749174.173,nan,nan,1.452,0.968
1204500,1749174.172,nan,nan,1.527,1.018
1205000,1749174.159,nan,nan,1.482,0.988
1205500,1749174.133,nan,nan,1.478,0.985
1206000,1749174.157,nan,nan,1.460,0.973
1206500,1749174.170,nan,nan,1.491,0.994
1207000,1749174.140,nan,nan,1.482,0.988
1207500,1749174.088,nan,nan,1.470,0.980
1208000,1749174.040,nan,nan,1.532,1.021
1208500,1749174.007,nan,nan,1.498,0.999
1209000,1749174.017,nan,nan,1.483,0.988
1209500,1749174.017,nan,nan,1.500,1.000
1210000,1749174.041,nan,nan,1.531,1.021
1210500,1749174.072,nan,nan,1.478,0.985
1211000,1749174.077,nan,nan,1.489,0.993
1211500,1749174.092,nan,nan,1.534,1.023
1212000,1749174.083,nan,nan,1.519,1.012
1212500,1749174.057,nan,nan,1.522,1.014
1213000,1749174.045,nan,nan,1.515,1.010
1213500,1749174.037,nan,nan,1.496,0.997
1214000,1749174.061,nan,nan,1.488,0.992
1214500,1749174.069,nan,nan,1.497,0.998
1215000,1749174.038,nan,nan,1.475,0.983
1215500,1749173.994,nan,nan,1.485,0.990
1216000,1749173.942,nan,nan,1.464,0.976
1216500,1749173.926,nan,nan,1.490,0.993
1217000,1749173.921,nan,nan,1.519,1.013
1217500,1749173.926,nan,nan,1.514,1.009
1218000,1749173.970,nan,nan,1.491,0.994
1218500,1749173.997,nan,nan,1.481,0.987
1219000,1749173.987,nan,nan,1.529,1.019
1219500,1749173.972,nan,nan,1.492,0.994
1220000,1749173.961,nan,nan,1.518,1.012
1220500,1749173.978,nan,nan,1.501,1.001
1221000,1749173.985,nan,nan,1.552,1.035
1221500,1749173.990,nan,nan,1.539,1.026
1222000,1749173.988,nan,nan,1.462,0.975
1222500,1749174.022,nan,nan,1.468,0.979
1223000,1749174.046,nan,nan,1.503,1.002
1223500,1749174.083,nan,nan,1.498,0.998
1224000,1749174.155,nan,nan,1.520,1.013
1224500,1749174.235,nan,nan,1.522,1.015
1225000,1749174.308,nan,nan,1.487,0.991
1225500,1749174.360,nan,nan,1.496,0.998
1226000,1749174.369,nan,nan,1.482,0.988
1226500,1749174.336,nan,nan,1.495,0.997
1227000,1749174.323,nan,nan,1.511,1.007
1227500,1749174.310,nan,nan,1.515,1.010
1228000,1749174.283,nan,nan,1.518,1.012
1228500,1749174.271,nan,nan,1.499,1.000
1229000,1749174.302,nan,nan,1.514,1.009
1229500,1749174.302,nan,nan,1.480,0.987
1230000,1749174.293,nan,nan,1.528,1.019
1230500,1749174.249,nan,nan,1.480,0.987
1231000,1749174.221,nan,nan,1.478,0.985
1231500,1749174.221,nan,nan,1.473,0.982
1232000,1749174.242,nan,nan,1.472,0.981
1232500,1749174.239,nan,nan,1.508,1.005
1233000,1749174.242,nan,nan,1.505,1.003
1233500,1749174.247,nan,nan,1.505,1.004
1234000,1749174.266,nan,nan,1.516,1.011
1234500,1749174.318,nan,nan,1.522,1.015
1235000,1749174.361,nan,nan,1.497,0.998
1235500,1749174.404,nan,nan,1.477,0.984
1236000,1749174.410,nan,nan,1.507,1.005
1236500,1749174.391,nan,nan,1.510,1.007
1237000,1749174.381,nan,nan,1.519,1.013
1237500,1749174.376,nan,nan,1.485,0.990
1238000,1749174.396,nan,nan,1.472,0.981
1238500,1749174.425,nan,nan,1.504,1.003
1239000,1749174.437,nan,nan,1.504,1.002
1239500,1749174.439,nan,nan,1.492,0.995
1240000,1749174.410,nan,nan,1.526,1.017
1240500,1749174.381,nan,nan,1.483,0.989
1241000,1749174.394,nan,nan,1.498,0.999
1241500,1749174.406,nan,nan,1.487,0.991
1242000,1749174.389,nan,nan,1.483,0.989
1242500,1749174.383,nan,nan,1.474,0.983
1243000,1749174.399,nan,nan,1.532,1.021
1243500,1749174.437,nan,nan,1.522,1.015
1244000,1749174.437,nan,nan,1.527,1.018
1244500,1749174.398,nan,nan,1.510,1.006
1245000,1749174.383,nan,nan,1.506,1.004
1245500,1749174.369,nan,nan,1.536,1.024
1246000,1749174.350,nan,nan,1.472,0.981
1246500,1749174.306,nan,nan,1.499,0.999
1247000,1749174.268,nan,nan,1.487,0.991
1247500,1749174.242,nan,nan,1.489,0.992
1248000,1749174.217,nan,nan,1.506,1.004
1248500,1749174.219,nan,nan,1.461,0.974
1249000,1749174.253,nan,nan,1.475,0.983
1249500,1749174.240,nan,nan,1.479,0.986
1250000,1749174.265,nan,nan,1.523,1.015
1250500,1749174.292,nan,nan,1.537,1.025
1251000,1749174.295,nan,nan,1.460,0.973
1251500,1749174.263,nan,nan,1.507,1.005
1252000,1749174.220,nan,nan,1.525,1.016
1252500,1749174.168,nan,nan,1.505,1.003
1253000,1749174.118,nan,nan,1.494,0.996
1253500,1749174.076,nan,nan,1.529,1.020
1254000,1749174.007,nan,nan,1.495,0.996
1254500,1749173.993,nan,nan,1.517,1.012
1255000,1749173.987,nan,nan,1.547,1.031
1255500,1749174.014,nan,nan,1.493,0.995
1256000,1749174.046,nan,nan,1.488,0.992
1256500,1749174.040,nan,nan,1.514,1.009
1257000,1749174.039,nan,nan,1.568,1.046
1257500,1749174.041,nan,nan,1.516,1.010
1258000,1749174.079,nan,nan,1.469,0.979
1258500,1749174.115,nan,nan,1.496,0.997
1259000,1749174.139,nan,nan,1.505,1.003
1259500,1749174.171,nan,nan,1.509,1.006
1260000,1749174.157,nan,nan,1.516,1.011
1260500,1749174.125,nan,nan,1.493,0.995
1261000,1749174.094,nan,nan,1.544,1.029
1261500,1749174.082,nan,nan,1.527,1.018
1262000,1749174.129,nan,nan,1.564,1.042
1262500,1749174.176,nan,nan,1.557,1.038
1263000,1749174.262,nan,nan,1.520,1.013
1263500,1749174.346,nan,nan,1.480,0.986
1264000,1749174.409,nan,nan,1.480,0.987
1264500,1749174.455,nan,nan,1.514,1.009
1265000,1749174.497,nan,nan,1.477,0.985
1265500,1749174.541,nan,nan,1.496,0.997
1266000,1749174.574,nan,nan,1.519,1.013
1266500,1749174.590,nan,nan,1.492,0.994
1267000,1749174.586,nan,nan,1.518,1.012
1267500,1749174.587,nan,nan,1.494,0.996
1268000,1749174.563,nan,nan,1.510,1.007
1268500,1749174.541,nan,nan,1.515,1.010
1269000,1749174.515,nan,nan,1.498,0.998
1269500,1749174.522,nan,nan,1.527,1.018
1270000,1749174.510,nan,nan,1.493,0.996
1270500,1749174.517,nan,nan,1.497,0.998
1271000,1749174.508,nan,nan,1.549,1.032
1271500,1749174.466,nan,nan,1.508,1.005
1272000,1749174.459,nan,nan,1.470,0.980
1272500,1749174.455,nan,nan,1.521,1.014
1273000,1749174.419,nan,nan,1.504,1.002
1273500,1749174.357,nan,nan,1.483,0.989
1274000,1749174.312,nan,nan,1.493,0.995
1274500,1749174.275,nan,nan,1.468,0.979
1275000,1749174.255,nan,nan,1.498,0.999
1275500,1749174.202,nan,nan,1.500,1.000
1276000,1749174.145,nan,nan,1.523,1.015
1276500,1749174.114,nan,nan,1.477,0.985
1277000,1749174.079,nan,nan,1.487,0.991
1277500,1749174.041,nan,nan,1.519,1.012
1278000,1749174.025,nan,nan,1.478,0.985
1278500,1749174.028,nan,nan,1.534,1.022
1279000,1749174.026,nan,nan,1.499,0.999
1279500,1749174.013,nan,nan,1.518,1.012
1280000,1749174.010,nan,nan,1.521,1.014
1280500,1749173.998,nan,nan,1.488,0.992
1281000,1749173.980,nan,nan,1.483,0.989
1281500,1749173.971,nan,nan,1.447,0.965
1282000,1749173.970,nan,nan,1.467,0.978
1282500,1749173.946,nan,nan,1.503,1.002
1283000,1749173.934,nan,nan,1.485,0.990
1283500,1749173.897,nan,nan,1.463,0.976
1284000,1749173.857,nan,nan,1.469,0.979
1284500,1749173.791,nan,nan,1.475,0.983
1285000,1749173.715,nan,nan,1.486,0.991
1285500,1749173.668,nan,nan,1.498,0.999
1286000,1749173.641,nan,nan,1.522,1.015
1286500,1749173.625,nan,nan,1.457,0.971
1287000,1749173.612,nan,nan,1.503,1.002
1287500,1749173.632,nan,nan,1.520,1.013
1288000,1749173.680,nan,nan,1.455,0.970
1288500,1749173.719,nan,nan,1.487,0.991
1289000,1749173.728,nan,nan,1.507,1.005
1289500,1749173.748,nan,nan,1.505,1.003
1290000,1749173.769,nan,nan,1.502,1.001
1290500,1749173.789,nan,nan,1.487,0.991
1291000,1749173.806,nan,nan,1.496,0.998
1291500,1749173.802,nan,nan,1.475,0.983
1292000,1749173.811,nan,nan,1.540,1.027
1292500,1749173.816,nan,nan,1.509,1.006
1293000,1749173.795,nan,nan,1.502,1.001
1293500,1749173.736,nan,nan,1.500,1.000
1294000,1749173.681,nan,nan,1.479,0.986
1294500,1749173.651,nan,nan,1.524,1.016
1295000,1749173.643,nan,nan,1.496,0.997
1295500,1749173.622,nan,nan,1.474,0.983
1296000,1749173.617,nan,nan,1.465,0.977
1296500,1749173.586,nan,nan,1.466,0.978
1297000,1749173.524,nan,nan,1.471,0.981
1297500,1749173.493,nan,nan,1.465,0.977
1298000,1749173.514,nan,nan,1.453,0.969
1298500,1749173.548,nan,nan,1.493,0.995
1299000,1749173.598,nan,nan,1.495,0.996
1299500,1749173.598,nan,nan,1.488,0.992
1300000,1749173.597,nan,nan,1.475,0.983
1300500,1749173.598,nan,nan,1.515,1.010
1301000,1749173.610,nan,nan,1.499,0.999
1301500,1749173.616,nan,nan,1.481,0.987
1302000,1749173.620,nan,nan,1.487,0.991
1302500,1749173.640,nan,nan,1.490,0.993
1303000,1749173.640,nan,nan,1.535,1.023
1303500,1749173.630,nan,nan,1.504,1.002
1304000,1749173.638,nan,nan,1.492,0.995
1304500,1749173.636,nan,nan,1.507,1.005
1305000,1749173.625,nan,nan,1.467,0.978
1305500,1749173.638,nan,nan,1.498,0.999
1306000,1749173.645,nan,nan,1.518,1.012
1306500,1749173.610,nan,nan,1.521,1.014
1307000,1749173.571,nan,nan,1.484,0.990
1307500,1749173.545,nan,nan,1.534,1.022
1308000,1749173.542,nan,nan,1.533,1.022
1308500,1749173.568,nan,nan,1.542,1.028
1309000,1749173.575,nan,nan,1.541,1.027
1309500,1749173.601,nan,nan,1.531,1.020
1310000,1749173.600,nan,nan,1.573,1.049
1310500,1749173.576,nan,nan,1.516,1.011
1311000,1749173.547,nan,nan,1.523,1.015
1311500,1749173.519,nan,nan,1.480,0.987
1312000,1749173.532,nan,nan,1.502,1.002
1312500,1749173.532,nan,nan,1.522,1.014
1313000,1749173.517,nan,nan,1.513,1.009
1313500,1749173.485,nan,nan,1.533,1.022
1314000,1749173.473,nan,nan,1.527,1.018
1314500,1749173.464,nan,nan,1.479,0.986
1315000,1749173.431,nan,nan,1.474,0.982
1315500,1749173.373,nan,nan,1.530,1.020
1316000,1749173.350,nan,nan,1.494,0.996
1316500,1749173.365,nan,nan,1.509,1.006
1317000,1749173.361,nan,nan,1.483,0.989
1317500,1749173.347,nan,nan,1.470,0.980
1318000,1749173.365,nan,nan,1.486,0.990
1318500,1749173.413,nan,nan,1.490,0.994
1319000,1749173.466,nan,nan,1.427,0.951
1319500,1749173.483,nan,nan,1.492,0.994
1320000,1749173.465,nan,nan,1.485,0.990
1320500,1749173.453,nan,nan,1.502,1.002
1321000,1749173.462,nan,nan,1.447,0.965
1321500,1749173.490,nan,nan,1.488,0.992
1322000,1749173.529,nan,nan,1.488,0.992
1322500,1749173.549,nan,nan,1.502,1.001
1323000,1749173.556,nan,nan,1.503,1.002
1323500,1749173.585,nan,nan,1.488,0.992
1324000,1749173.587,nan,nan,1.517,1.011
1324500,1749173.550,nan,nan,1.514,1.009
1325000,1749173.511,nan,nan,1.489,0.993
1325500,1749173.461,nan,nan,1.479,0.986
1326000,1749173.451,nan,nan,1.520,1.013
1326500,1749173.435,nan,nan,1.525,1.017
1327000,1749173.426,nan,nan,1.525,1.017
1327500,1749173.416,nan,nan,1.490,0.994
1328000,1749173.440,nan,nan,1.500,1.000
1328500,1749173.455,nan,nan,1.481,0.987
1329000,1749173.458,nan,nan,1.498,0.999
1329500,1749173.445,nan,nan,1.545,1.030
1330000,1749173.445,nan,nan,1.478,0.985
1330500,1749173.448,nan,nan,1.510,1.007
1331000,1749173.439,nan,nan,1.534,1.022
1331500,1749173.403,nan,nan,1.532,1.021
1332000,1749173.362,nan,nan,1.465,0.976
1332500,1749173.366,nan,nan,1.527,1.018
1333000,1749173.377,nan,nan,1.530,1.020
1333500,1749173.367,nan,nan,1.514,1.009
1334000,1749173.340,nan,nan,1.484,0.989
1334500,1749173.321,nan,nan,1.535,1.023
1335000,1749173.335,nan,nan,1.469,0.979
1335500,1749173.347,nan,nan,1.508,1.005
1336000,1749173.348,nan,nan,1.491,0.994
1336500,1749173.339,nan,nan,1.468,0.978
1337000,1749173.353,nan,nan,1.490,0.994
1337500,1749173.368,nan,nan,1.499,1.000
1338000,1749173.365,nan,nan,1.531,1.020
1338500,1749173.376,nan,nan,1.521,1.014
1339000,1749173.409,nan,nan,1.460,0.973
1339500,1749173.477,nan,nan,1.516,1.010
1340000,1749173.541,nan,nan,1.482,0.988
1340500,1749173.602,nan,nan,1.495,0.997
1341000,1749173.651,nan,nan,1.467,0.978
1341500,1749173.672,nan,nan,1.480,0.986
1342000,1749173.667,nan,nan,1.496,0.998
1342500,1749173.657,nan,nan,1.503,1.002
1343000,1749173.621,nan,nan,1.475,0.983
1343500,1749173.610,nan,nan,1.530,1.020
1344000,1749173.599,nan,nan,1.489,0.993
1344500,1749173.588,nan,nan,1.464,0.976
1345000,1749173.593,nan,nan,1.524,1.016
1345500,1749173.611,nan,nan,1.518,1.012
1346000,1749173.627,nan,nan,1.525,1.017
1346500,1749173.644,nan,nan,1.487,0.992
1347000,1749173.622,nan,nan,1.546,1.031
1347500,1749173.590,nan,nan,1.545,1.030
1348000,1749173.593,nan,nan,1.475,0.984
1348500,1749173.626,nan,nan,1.494,0.996
1349000,1749173.632,nan,nan,1.499,0.999
1349500,1749173.661,nan,nan,1.505,1.004
1350000,1749173.657,nan,nan,1.492,0.995
1350500,1749173.644,nan,nan,1.491,0.994
1351000,1749173.635,nan,nan,1.510,1.007
1351500,1749173.633,nan,nan,1.514,1.009
1352000,1749173.638,nan,nan,1.519,1.012
1352500,1749173.635,nan,nan,1.538,1.026
1353000,1749173.623,nan,nan,1.459,0.973
1353500,1749173.599,nan,nan,1.513,1.008
1354000,1749173.592,nan,nan,1.556,1.038
1354500,1749173.599,nan,nan,1.517,1.011
1355000,1749173.614,nan,nan,1.507,1.005
1355500,1749173.609,nan,nan,1.524,1.016
1356000,1749173.629,nan,nan,1.489,0.992
1356500,1749173.694,nan,nan,1.513,1.008
1357000,1749173.735,nan,nan,1.504,1.002
1357500,1749173.775,nan,nan,1.464,0.976
1358000,1749173.821,nan,nan,1.504,1.003
1358500,1749173.857,nan,nan,1.488,0.992
1359000,1749173.901,nan,nan,1.527,1.018
1359500,1749173.944,nan,nan,1.497,0.998
1360000,1749173.958,nan,nan,1.503,1.002
1360500,1749173.952,nan,nan,1.533,1.022
1361000,1749173.949,nan,nan,1.486,0.991
1361500,1749173.932,nan,nan,1.490,0.993
1362000,1749173.930,nan,nan,1.482,0.988
1362500,1749173.926,nan,nan,1.484,0.989
1363000,1749173.934,nan,nan,1.551,1.034
1363500,1749173.973,nan,nan,1.523,1.016
1364000,1749174.029,nan,nan,1.540,1.027
1364500,1749174.077,nan,nan,1.518,1.012
1365000,1749174.105,nan,nan,1.524,1.016
1365500,1749174.104,nan,nan,1.505,1.003
1366000,1749174.090,nan,nan,1.520,1.013
1366500,1749174.090,nan,nan,1.491,0.994
1367000,1749174.071,nan,nan,1.456,0.971
1367500,1749174.047,nan,nan,1.511,1.007
1368000,1749174.016,nan,nan,1.488,0.992
1368500,1749173.973,nan,nan,1.497,0.998
1369000,1749173.910,nan,nan,1.490,0.993
1369500,1749173.879,nan,nan,1.490,0.993
1370000,1749173.869,nan,nan,1.516,1.011
1370500,1749173.862,nan,nan,1.513,1.009
1371000,1749173.830,nan,nan,1.523,1.015
1371500,1749173.805,nan,nan,1.500,1.000
1372000,1749173.802,nan,nan,1.469,0.980
1372500,1749173.793,nan,nan,1.531,1.020
1373000,1749173.797,nan,nan,1.524,1.016
1373500,1749173.822,nan,nan,1.522,1.014
1374000,1749173.837,nan,nan,1.530,1.020
1374500,1749173.845,nan,nan,1.505,1.003
1375000,1749173.842,nan,nan,1.460,0.974
1375500,1749173.855,nan,nan,1.501,1.001
1376000,1749173.865,nan,nan,1.483,0.989
1376500,1749173.899,nan,nan,1.478,0.986
1377000,1749173.953,nan,nan,1.486,0.991
1377500,1749173.987,nan,nan,1.531,1.020
1378000,1749174.014,nan,nan,1.518,1.012
1378500,1749174.030,nan,nan,1.511,1.007
1379000,1749174.045,nan,nan,1.505,1.003
1379500,1749174.052,nan,nan,1.482,0.988
1380000,1749174.040,nan,nan,1.501,1.000
1380500,1749174.010,nan,nan,1.505,1.003
1381000,1749174.008,nan,nan,1.516,1.011
1381500,1749174.017,nan,nan,1.501,1.001
1382000,1749174.016,nan,nan,1.501,1.000
1382500,1749174.018,nan,nan,1.490,0.993
1383000,1749174.059,nan,nan,1.532,1.021
1383500,1749174.101,nan,nan,1.518,1.012
1384000,1749174.115,nan,nan,1.507,1.004
1384500,1749174.135,nan,nan,1.483,0.988
1385000,1749174.162,nan,nan,1.478,0.986
1385500,1749174.221,nan,nan,1.504,1.002
1386000,1749174.238,nan,nan,1.466,0.977
1386500,1749174.225,nan,nan,1.516,1.010
1387000,1749174.218,nan,nan,1.502,1.001
1387500,1749174.218,nan,nan,1.507,1.005
1388000,1749174.213,nan,nan,1.467,0.978
1388500,1749174.170,nan,nan,1.523,1.015
1389000,1749174.118,nan,nan,1.477,0.984
1389500,1749174.058,nan,nan,1.491,0.994
1390000,1749174.013,nan,nan,1.497,0.998
1390500,1749174.005,nan,nan,1.510,1.007
1391000,1749174.004,nan,nan,1.522,1.014
1391500,1749174.008,nan,nan,1.467,0.978
1392000,1749173.991,nan,nan,1.492,0.994
1392500,1749174.002,nan,nan,1.477,0.984
1393000,1749173.987,nan,nan,1.495,0.996
1393500,1749173.957,nan,nan,1.519,1.013
1394000,1749173.959,nan,nan,1.473,0.982
1394500,1749173.987,nan,nan,1.469,0.979
1395000,1749173.995,nan,nan,1.499,0.999
1395500,1749173.965,nan,nan,1.499,0.999
1396000,1749173.937,nan,nan,1.550,1.033
1396500,1749173.917,nan,nan,1.531,1.021
1397000,1749173.889,nan,nan,1.497,0.998
1397500,1749173.812,nan,nan,1.548,1.032
1398000,1749173.761,nan,nan,1.492,0.994
1398500,1749173.707,nan,nan,1.486,0.991
1399000,1749173.653,nan,nan,1.504,1.003
1399500,1749173.591,nan,nan,1.514,1.009
1400000,1749173.541,nan,nan,1.475,0.983
1400500,1749173.541,nan,nan,1.531,1.021
1401000,1749173.544,nan,nan,1.518,1.012
1401500,1749173.576,nan,nan,1.460,0.974
1402000,1749173.606,nan,nan,1.473,0.982
1402500,1749173.623,nan,nan,1.478,0.985
1403000,1749173.607,nan,nan,1.465,0.977
1403500,1749173.608,nan,nan,1.471,0.981
1404000,1749173.616,nan,nan,1.511,1.007
1404500,1749173.609,nan,nan,1.535,1.023
1405000,1749173.596,nan,nan,1.522,1.014
1405500,1749173.605,nan,nan,1.495,0.996
1406000,1749173.614,nan,nan,1.518,1.012
1406500,1749173.617,nan,nan,1.493,0.995
1407000,1749173.592,nan,nan,1.503,1.002
1407500,1749173.562,nan,nan,1.500,1.000
1408000,1749173.533,nan,nan,1.479,0.986
1408500,1749173.490,nan,nan,1.489,0.992
1409000,1749173.453,nan,nan,1.497,0.998
1409500,1749173.435,nan,nan,1.566,1.044
1410000,1749173.420,nan,nan,1.472,0.981
1410500,1749173.407,nan,nan,1.474,0.982
1411000,1749173.392,nan,nan,1.519,1.013
1411500,1749173.386,nan,nan,1.518,1.012
1412000,1749173.417,nan,nan,1.508,1.005
1412500,1749173.443,nan,nan,1.497,0.998
1413000,1749173.467,nan,nan,1.486,0.991
1413500,1749173.462,nan,nan,1.507,1.004
1414000,1749173.450,nan,nan,1.467,0.978
1414500,1749173.448,nan,nan,1.483,0.989
1415000,1749173.458,nan,nan,1.533,1.022
1415500,1749173.457,nan,nan,1.540,1.027
1416000,1749173.442,nan,nan,1.531,1.020
1416500,1749173.422,nan,nan,1.502,1.001
1417000,1749173.425,nan,nan,1.493,0.995
1417500,1749173.427,nan,nan,1.503,1.002
1418000,1749173.407,nan,nan,1.497,0.998
1418500,1749173.386,nan,nan,1.485,0.990
1419000,1749173.378,nan,nan,1.508,1.005
1419500,1749173.410,nan,nan,1.525,1.016
1420000,1749173.437,nan,nan,1.566,1.044
1420500,1749173.438,nan,nan,1.506,1.004
1421000,1749173.439,nan,nan,1.492,0.995
1421500,1749173.470,nan,nan,1.502,1.001
1422000,1749173.495,nan,nan,1.498,0.999
1422500,1749173.502,nan,nan,1.460,0.973
1423000,1749173.499,nan,nan,1.503,1.002
1423500,1749173.489,nan,nan,1.505,1.003
1424000,1749173.502,nan,nan,1.483,0.988
1424500,1749173.498,nan,nan,1.467,0.978
1425000,1749173.495,nan,nan,1.509,1.006
1425500,1749173.467,nan,nan,1.535,1.023
1426000,1749173.416,nan,nan,1.512,1.008
1426500,1749173.381,nan,nan,1.506,1.004
1427000,1749173.376,nan,nan,1.486,0.991
1427500,1749173.374,nan,nan,1.451,0.968
1428000,1749173.363,nan,nan,1.489,0.993
1428500,1749173.378,nan,nan,1.481,0.987
1429000,1749173.383,nan,nan,1.518,1.012
1429500,1749173.418,nan,nan,1.519,1.013
1430000,1749173.435,nan,nan,1.522,1.015
1430500,1749173.440,nan,nan,1.491,0.994
1431000,1749173.421,nan,nan,1.487,0.991
1431500,1749173.441,nan,nan,1.468,0.979
1432000,1749173.455,nan,nan,1.483,0.988
1432500,1749173.471,nan,nan,1.503,1.002
1433000,1749173.486,nan,nan,1.512,1.008
1433500,1749173.505,nan,nan,1.515,1.010
1434000,1749173.541,nan,nan,1.482,0.988
1434500,1749173.556,nan,nan,1.498,0.999
1435000,1749173.592,nan,nan,1.490,0.993
1435500,1749173.598,nan,nan,1.524,1.016
1436000,1749173.554,nan,nan,1.492,0.995
1436500,1749173.521,nan,nan,1.488,0.992
1437000,1749173.505,nan,nan,1.473,0.982
1437500,1749173.485,nan,nan,1.499,1.000
1438000,1749173.474,nan,nan,1.501,1.001
1438500,1749173.470,nan,nan,1.476,0.984
1439000,1749173.474,nan,nan,1.515,1.010
1439500,1749173.468,nan,nan,1.512,1.008
1440000,1749173.445,nan,nan,1.539,1.026
1440500,1749173.430,nan,nan,1.475,0.984
1441000,1749173.427,nan,nan,1.492,0.994
1441500,1749173.439,nan,nan,1.517,1.011
1442000,1749173.448,nan,nan,1.511,1.007
1442500,1749173.462,nan,nan,1.469,0.979
1443000,1749173.508,nan,nan,1.482,0.988
1443500,1749173.530,nan,nan,1.485,0.990
1444000,1749173.550,nan,nan,1.506,1.004
1444500,1749173.552,nan,nan,1.483,0.989
1445000,1749173.518,nan,nan,1.471,0.980
1445500,1749173.477,nan,nan,1.475,0.983
1446000,1749173.456,nan,nan,1.520,1.013
1446500,1749173.462,nan,nan,1.461,0.974
1447000,1749173.462,nan,nan,1.517,1.011
1447500,1749173.482,nan,nan,1.492,0.995
1448000,1749173.505,nan,nan,1.472,0.982
1448500,1749173.529,nan,nan,1.456,0.971
1449000,1749173.552,nan,nan,1.514,1.009
1449500,1749173.588,nan,nan,1.524,1.016
1450000,1749173.591,nan,nan,1.490,0.993
1450500,1749173.562,nan,nan,1.507,1.005
1451000,1749173.538,nan,nan,1.527,1.018
1451500,1749173.509,nan,nan,1.514,1.010
1452000,1749173.516,nan,nan,1.533,1.022
1452500,1749173.557,nan,nan,1.511,1.007
1453000,1749173.553,nan,nan,1.470,0.980
1453500,1749173.557,nan,nan,1.483,0.989
1454000,1749173.551,nan,nan,1.471,0.980
1454500,1749173.556,nan,nan,1.509,1.006
1455000,1749173.538,nan,nan,1.510,1.006
1455500,1749173.501,nan,nan,1.521,1.014
1456000,1749173.468,nan,nan,1.498,0.999
1456500,1749173.413,nan,nan,1.499,0.999
1457000,1749173.361,nan,nan,1.506,1.004
1457500,1749173.313,nan,nan,1.508,1.005
1458000,1749173.286,nan,nan,1.507,1.004
1458500,1749173.297,nan,nan,1.496,0.998
1459000,1749173.315,nan,nan,1.502,1.001
1459500,1749173.306,nan,nan,1.514,1.009
1460000,1749173.287,nan,nan,1.544,1.029
1460500,1749173.287,nan,nan,1.571,1.047
1461000,1749173.280,nan,nan,1.514,1.010
1461500,1749173.272,nan,nan,1.582,1.054
1462000,1749173.249,nan,nan,1.522,1.014
1462500,1749173.211,nan,nan,1.489,0.993
1463000,1749173.173,nan,nan,1.523,1.015
1463500,1749173.118,nan,nan,1.510,1.006
1464000,1749173.074,nan,nan,1.486,0.990
1464500,1749173.048,nan,nan,1.485,0.990
1465000,1749173.019,nan,nan,1.508,1.005
1465500,1749173.001,nan,nan,1.526,1.017
1466000,1749172.981,nan,nan,1.510,1.007
1466500,1749172.973,nan,nan,1.506,1.004
1467000,1749172.977,nan,nan,1.530,1.020
1467500,1749172.993,nan,nan,1.503,1.002
1468000,1749172.986,nan,nan,1.491,0.994
1468500,1749172.950,nan,nan,1.502,1.002
1469000,1749172.899,nan,nan,1.498,0.999
1469500,1749172.860,nan,nan,1.524,1.016
1470000,1749172.830,nan,nan,1.510,1.007
1470500,1749172.840,nan,nan,1.520,1.013
1471000,1749172.839,nan,nan,1.485,0.990
1471500,1749172.853,nan,nan,1.514,1.009
1472000,1749172.881,nan,nan,1.500,1.000
1472500,1749172.900,nan,nan,1.482,0.988
1473000,1749172.919,nan,nan,1.454,0.969
1473500,1749172.946,nan,nan,1.487,0.991
1474000,1749172.992,nan,nan,1.497,0.998
1474500,1749173.009,nan,nan,1.512,1.008
1475000,1749173.007,nan,nan,1.479,0.986
1475500,1749173.013,nan,nan,1.493,0.995
1476000,1749172.982,nan,nan,1.500,1.000
1476500,1749172.978,nan,nan,1.540,1.026
1477000,1749172.987,nan,nan,1.533,1.022
1477500,1749172.997,nan,nan,1.490,0.993
1478000,1749172.986,nan,nan,1.476,0.984
1478500,1749172.966,nan,nan,1.470,0.980
1479000,1749172.964,nan,nan,1.542,1.028
1479500,1749172.965,nan,nan,1.494,0.996
1480000,1749172.969,nan,nan,1.505,1.003
1480500,1749172.952,nan,nan,1.503,1.002
1481000,1749172.951,nan,nan,1.479,0.986
1481500,1749172.946,nan,nan,1.509,1.006
1482000,1749172.956,nan,nan,1.550,1.033
1482500,1749172.976,nan,nan,1.540,1.027
1483000,1749172.996,nan,nan,1.539,1.026
1483500,1749173.027,nan,nan,1.504,1.003
1484000,1749173.067,nan,nan,1.518,1.012
1484500,1749173.085,nan,nan,1.501,1.001
1485000,1749173.074,nan,nan,1.526,1.018
1485500,1749173.064,nan,nan,1.560,1.040
1486000,1749173.070,nan,nan,1.486,0.990
1486500,1749173.079,nan,nan,1.491,0.994
1487000,1749173.086,nan,nan,1.530,1.020
1487500,1749173.125,nan,nan,1.468,0.978
1488000,1749173.152,nan,nan,1.506,1.004
1488500,1749173.186,nan,nan,1.483,0.989
1489000,1749173.174,nan,nan,1.484,0.989
1489500,1749173.154,nan,nan,1.484,0.990
1490000,1749173.140,nan,nan,1.486,0.991
1490500,1749173.136,nan,nan,1.509,1.006
1491000,1749173.148,nan,nan,1.516,1.011
1491500,1749173.140,nan,nan,1.502,1.001
1492000,1749173.133,nan,nan,1.547,1.031
1492500,1749173.111,nan,nan,1.535,1.023
1493000,1749173.086,nan,nan,1.553,1.035
1493500,1749173.042,nan,nan,1.530,1.020
1494000,1749173.012,nan,nan,1.529,1.019
1494500,1749172.961,nan,nan,1.514,1.009
1495000,1749172.886,nan,nan,1.480,0.987
1495500,1749172.873,nan,nan,1.497,0.998
1496000,1749172.876,nan,nan,1.531,1.021
1496500,1749172.897,nan,nan,1.523,1.015
1497000,1749172.944,nan,nan,1.531,1.020
1497500,1749172.977,nan,nan,1.533,1.022
1498000,1749173.015,nan,nan,1.505,1.003
1498500,1749173.003,nan,nan,1.508,1.006
1499000,1749172.995,nan,nan,1.531,1.021
1499500,1749172.978,nan,nan,1.509,1.006
1500000,1749172.990,nan,nan,1.532,1.021
1500500,1749172.983,nan,nan,1.536,1.024
1501000,1749172.978,nan,nan,1.508,1.006
1501500,1749172.980,nan,nan,1.528,1.019
1502000,1749172.970,nan,nan,1.514,1.009
1502500,1749173.007,nan,nan,1.552,1.034
1503000,1749173.070,nan,nan,1.540,1.027
1503500,1749173.121,nan,nan,1.554,1.036
1504000,1749173.176,nan,nan,1.506,1.004
1504500,1749173.205,nan,nan,1.530,1.020
1505000,1749173.181,nan,nan,1.503,1.002
1505500,1749173.138,nan,nan,1.495,0.997
1506000,1749173.096,nan,nan,1.513,1.009
1506500,1749173.093,nan,nan,1.524,1.016
1507000,1749173.101,nan,nan,1.516,1.011
1507500,1749173.114,nan,nan,1.524,1.016
1508000,1749173.118,nan,nan,1.537,1.025
1508500,1749173.115,nan,nan,1.480,0.987
1509000,1749173.116,nan,nan,1.503,1.002
1509500,1749173.138,nan,nan,1.513,1.009
1510000,1749173.173,nan,nan,1.554,1.036
1510500,1749173.177,nan,nan,1.511,1.008
1511000,1749173.128,nan,nan,1.502,1.001
1511500,1749173.055,nan,nan,1.524,1.016
1512000,1749173.001,nan,nan,1.522,1.015
1512500,1749172.965,nan,nan,1.506,1.004
1513000,1749172.931,nan,nan,1.485,0.990
1513500,1749172.913,nan,nan,1.473,0.982
1514000,1749172.911,nan,nan,1.527,1.018
1514500,1749172.887,nan,nan,1.496,0.997
1515000,1749172.847,nan,nan,1.511,1.007
1515500,1749172.841,nan,nan,1.514,1.010
1516000,1749172.829,nan,nan,1.487,0.991
1516500,1749172.798,nan,nan,1.507,1.005
1517000,1749172.777,nan,nan,1.484,0.990
1517500,1749172.790,nan,nan,1.480,0.987
1518000,1749172.796,nan,nan,1.459,0.973
1518500,1749172.790,nan,nan,1.495,0.997
1519000,1749172.774,nan,nan,1.497,0.998
1519500,1749172.735,nan,nan,1.437,0.958
1520000,1749172.725,nan,nan,1.489,0.993
1520500,1749172.718,nan,nan,1.481,0.988
1521000,1749172.682,nan,nan,1.479,0.986
1521500,1749172.669,nan,nan,1.467,0.978
1522000,1749172.644,nan,nan,1.528,1.018
1522500,1749172.627,nan,nan,1.486,0.991
1523000,1749172.611,nan,nan,1.480,0.987
1523500,1749172.620,nan,nan,1.490,0.993
1524000,1749172.610,nan,nan,1.522,1.015
1524500,1749172.605,nan,nan,1.491,0.994
1525000,1749172.588,nan,nan,1.514,1.009
1525500,1749172.570,nan,nan,1.514,1.009
1526000,1749172.523,nan,nan,1.488,0.992
1526500,1749172.485,nan,nan,1.533,1.022
1527000,1749172.485,nan,nan,1.496,0.997
1527500,1749172.490,nan,nan,1.503,1.002
1528000,1749172.511,nan,nan,1.532,1.021
1528500,1749172.546,nan,nan,1.527,1.018
1529000,1749172.594,nan,nan,1.479,0.986
1529500,1749172.651,nan,nan,1.508,1.005
1530000,1749172.702,nan,nan,1.483,0.989
1530500,1749172.736,nan,nan,1.493,0.995
1531000,1749172.763,nan,nan,1.457,0.971
1531500,1749172.755,nan,nan,1.475,0.983
1532000,1749172.738,nan,nan,1.508,1.005
1532500,1749172.749,nan,nan,1.514,1.009
1533000,1749172.768,nan,nan,1.505,1.003
1533500,1749172.767,nan,nan,1.540,1.026
1534000,1749172.767,nan,nan,1.489,0.993
1534500,1749172.784,nan,nan,1.479,0.986
1535000,1749172.816,nan,nan,1.475,0.983
1535500,1749172.827,nan,nan,1.492,0.994
1536000,1749172.821,nan,nan,1.482,0.988
1536500,1749172.837,nan,nan,1.490,0.993
1537000,1749172.868,nan,nan,1.502,1.001
1537500,1749172.893,nan,nan,1.509,1.006
1538000,1749172.892,nan,nan,1.529,1.020
1538500,1749172.910,nan,nan,1.511,1.007
1539000,1749172.921,nan,nan,1.495,0.996
1539500,1749172.954,nan,nan,1.497,0.998
1540000,1749172.998,nan,nan,1.511,1.007
1540500,1749173.002,nan,nan,1.499,1.000
1541000,1749172.958,nan,nan,1.495,0.996
1541500,1749172.940,nan,nan,1.496,0.998
1542000,1749172.958,nan,nan,1.489,0.993
1542500,1749172.984,nan,nan,1.502,1.001
1543000,1749172.998,nan,nan,1.519,1.013
1543500,1749172.996,nan,nan,1.519,1.013
1544000,1749172.988,nan,nan,1.500,1.000
1544500,1749172.995,nan,nan,1.467,0.978
1545000,1749172.983,nan,nan,1.472,0.981
1545500,1749172.956,nan,nan,1.497,0.998
1546000,1749172.964,nan,nan,1.477,0.984
1546500,1749172.973,nan,nan,1.469,0.979
1547000,1749172.978,nan,nan,1.527,1.018
1547500,1749172.992,nan,nan,1.520,1.013
1548000,1749173.004,nan,nan,1.499,0.999
1548500,1749173.015,nan,nan,1.512,1.008
1549000,1749173.013,nan,nan,1.520,1.014
1549500,1749173.019,nan,nan,1.517,1.011
1550000,1749173.027,nan,nan,1.514,1.009
1550500,1749173.001,nan,nan,1.552,1.034
1551000,1749172.978,nan,nan,1.511,1.007
1551500,1749172.975,nan,nan,1.471,0.981
1552000,1749172.984,nan,nan,1.484,0.990
1552500,1749172.973,nan,nan,1.484,0.989
1553000,1749172.962,nan,nan,1.466,0.977
1553500,1749172.950,nan,nan,1.506,1.004
1554000,1749172.943,nan,nan,1.474,0.983
1554500,1749172.924,nan,nan,1.515,1.010
1555000,1749172.900,nan,nan,1.503,1.002
1555500,1749172.887,nan,nan,1.473,0.982
1556000,1749172.856,nan,nan,1.464,0.976
1556500,1749172.817,nan,nan,1.476,0.984
1557000,1749172.798,nan,nan,1.492,0.995
1557500,1749172.773,nan,nan,1.493,0.995
1558000,1749172.741,nan,nan,1.501,1.001
1558500,1749172.715,nan,nan,1.500,1.000
1559000,1749172.725,nan,nan,1.521,1.014
1559500,1749172.703,nan,nan,1.556,1.037
1560000,1749172.673,nan,nan,1.532,1.021
1560500,1749172.667,nan,nan,1.474,0.983
1561000,1749172.655,nan,nan,1.483,0.989
1561500,1749172.647,nan,nan,1.508,1.005
1562000,1749172.638,nan,nan,1.540,1.027
1562500,1749172.624,nan,nan,1.515,1.010
1563000,1749172.599,nan,nan,1.514,1.010
1563500,1749172.562,nan,nan,1.513,1.009
1564000,1749172.521,nan,nan,1.530,1.020
1564500,1749172.499,nan,nan,1.499,0.999
1565000,1749172.491,nan,nan,1.483,0.989
1565500,1749172.529,nan,nan,1.528,1.018
1566000,1749172.611,nan,nan,1.498,0.999
1566500,1749172.672,nan,nan,1.482,0.988
1567000,1749172.726,nan,nan,1.460,0.974
1567500,1749172.766,nan,nan,1.540,1.027
1568000,1749172.807,nan,nan,1.531,1.021
1568500,1749172.827,nan,nan,1.487,0.991
1569000,1749172.862,nan,nan,1.501,1.000
1569500,1749172.894,nan,nan,1.516,1.010
1570000,1749172.935,nan,nan,1.498,0.998
1570500,1749172.964,nan,nan,1.550,1.033
1571000,1749172.957,nan,nan,1.531,1.021
1571500,1749172.951,nan,nan,1.485,0.990
1572000,1749172.953,nan,nan,1.478,0.985
1572500,1749172.965,nan,nan,1.489,0.993
1573000,1749172.950,nan,nan,1.515,1.010
1573500,1749172.926,nan,nan,1.511,1.007
1574000,1749172.890,nan,nan,1.474,0.982
1574500,1749172.845,nan,nan,1.466,0.977
1575000,1749172.814,nan,nan,1.493,0.995
1575500,1749172.801,nan,nan,1.527,1.018
1576000,1749172.797,nan,nan,1.494,0.996
1576500,1749172.788,nan,nan,1.503,1.002
1577000,1749172.757,nan,nan,1.506,1.004
1577500,1749172.739,nan,nan,1.511,1.007
1578000,1749172.716,nan,nan,1.500,1.000
1578500,1749172.692,nan,nan,1.520,1.013
1579000,1749172.682,nan,nan,1.498,0.998
1579500,1749172.650,nan,nan,1.510,1.006
1580000,1749172.632,nan,nan,1.461,0.974
1580500,1749172.624,nan,nan,1.557,1.038
1581000,1749172.613,nan,nan,1.503,1.002
1581500,1749172.614,nan,nan,1.516,1.011
1582000,1749172.614,nan,nan,1.493,0.995
1582500,1749172.627,nan,nan,1.496,0.997
1583000,1749172.619,nan,nan,1.491,0.994
1583500,1749172.617,nan,nan,1.495,0.997
1584000,1749172.607,nan,nan,1.528,1.019
1584500,1749172.619,nan,nan,1.509,1.006
1585000,1749172.623,nan,nan,1.543,1.029
1585500,1749172.671,nan,nan,1.520,1.013
1586000,1749172.704,nan,nan,1.488,0.992
1586500,1749172.713,nan,nan,1.529,1.019
1587000,1749172.706,nan,nan,1.531,1.020
1587500,1749172.724,nan,nan,1.520,1.013
1588000,1749172.735,nan,nan,1.491,0.994
1588500,1749172.750,nan,nan,1.503,1.002
1589000,1749172.729,nan,nan,1.495,0.997
1589500,1749172.691,nan,nan,1.495,0.996
1590000,1749172.670,nan,nan,1.560,1.040
1590500,1749172.690,nan,nan,1.485,0.990
1591000,1749172.737,nan,nan,1.478,0.985
1591500,1749172.776,nan,nan,1.454,0.969
1592000,1749172.805,nan,nan,1.508,1.005
1592500,1749172.840,nan,nan,1.507,1.005
1593000,1749172.886,nan,nan,1.523,1.015
1593500,1749172.910,nan,nan,1.530,1.020
1594000,1749172.927,nan,nan,1.494,0.996
1594500,1749172.963,nan,nan,1.527,1.018
1595000,1749172.995,nan,nan,1.480,0.986
1595500,1749173.013,nan,nan,1.517,1.011
1596000,1749173.078,nan,nan,1.448,0.965
1596500,1749173.149,nan,nan,1.527,1.018
1597000,1749173.177,nan,nan,1.507,1.004
1597500,1749173.171,nan,nan,1.513,1.009
1598000,1749173.146,nan,nan,1.485,0.990
1598500,1749173.127,nan,nan,1.472,0.982
1599000,1749173.135,nan,nan,1.496,0.997
1599500,1749173.125,nan,nan,1.495,0.997
1600000,1749173.086,nan,nan,1.503,1.002
